,importance,stddev,p_value,n
106442646,0.012819911149188162,0.008506963726307694,9.679472891134745e-07,20
109359940,0.012048893535159783,0.004122030550483182,3.012711182652696e-11,20
60464647,0.010755517493645611,0.0044192894006336,6.610187769525143e-10,20
33626399,0.007546083376746904,0.00568172465937887,5.1050603278331046e-06,20
4618998,0.007084156726937097,0.007013033945962943,0.00011782297521722337,20
177206543,0.006165706136310156,0.002532272673191292,6.561779384792992e-10,20
10177,0.006078124059646995,0.0025640649884501984,1.019194352562479e-09,20
160701741,0.005705361979945323,0.004384330644667641,6.597426643664854e-06,20
242300443,0.0055185793264718895,0.006893460722239616,0.0009982258482627306,20
68009705,0.0053272465135522805,0.003418972369067008,6.110764106257052e-07,20
12224887,0.0052051706129968124,0.005923815021533181,0.0004499320553470593,20
134483618,0.004893402021456428,0.004002338649258269,1.4135174553075796e-05,20
56012629,0.0046844550490904744,0.004697246768773824,0.00013425910882543008,20
21259577,0.0046675648721345555,0.0028633049567055946,3.2372075668264585e-07,20
16,0.00444134846817455,0.0011697334792512989,3.0498144310647383e-13,20
14477737,0.004051064480949435,0.0038726266094163387,8.189441382256161e-05,20
21283446,0.0039480124045262795,0.005083487677893894,0.0012726979224493582,20
67,0.003844656159516757,0.0037146413730082786,9.159487042403953e-05,20
105331155,0.003753904682424286,0.003519628088408647,6.660808300282282e-05,20
6871621,0.0034891781780956254,0.0042885093277699885,0.0008740062488741389,20
12,0.003409030267124624,0.004038263719194432,0.0006399660744321715,20
81,0.003213668716589996,0.0010569498681988324,1.5267630945518164e-11,20
105356528,0.003170327388373445,0.004561190028617349,0.0028926863877899445,20
29295106,0.0031581247212425613,0.004897011990011485,0.0047522164895103655,20
90115375,0.0031481685107411063,0.0028812593084184862,5.1253531179479795e-05,20
112765092,0.0030927636670166903,0.0033832880702203377,0.00031326267071263633,20
164392446,0.0029982357787970313,0.00322223866636797,0.00026509523526213954,20
70830109,0.002984632740510662,0.0032109609271686883,0.00026772829529201275,20
52274455,0.0029540511428133133,0.0021151608503501406,2.674559253852957e-06,20
56046075,0.0029225038209823085,0.0033950925185551044,0.0005400972744342267,20
94539004,0.00285250785903729,0.0065985846276715426,0.03412271232697914,20
123942108,0.0027796902829288483,0.0042498629258264425,0.004343113628003446,20
69867672,0.0027409730812801626,0.006940923955214952,0.046725867560985554,20
132586938,0.002681290355373056,0.0026270836894314088,0.00010593364058967575,20
6215134,0.0026529317957331823,0.004234933401032086,0.005692889838268291,20
60125368,0.0026366801342823376,0.003935159335923813,0.0037097297055513367,20
45687284,0.0026236977524104975,0.0018629384085085722,2.396482556245144e-06,20
81847046,0.0025913113040448633,0.002055773265498248,9.777525894587577e-06,20
51465250,0.0025656717752862825,0.00483826966441358,0.014218834042885218,20
106512710,0.0025569258251442297,0.0018604631960102147,3.295680740298145e-06,20
35638304,0.00254514428358254,0.0023701495752662238,6.19084167799566e-05,20
7467944,0.002539478038883186,0.005316257487520882,0.02294319763642473,20
46387351,0.002460385203361659,0.003540285505845942,0.0028955098606031344,20
108759437,0.0024376233498672184,0.0025721918376027924,0.00022242699130200813,20
21491775,0.002408779544613093,0.0015907055895462293,9.06113654072428e-07,20
56055946,0.002405322348707456,0.0024157724689481035,0.0001364626430029142,20
26085823,0.002388982549751756,0.004000436367375315,0.007557267971943752,20
8599461,0.002356017190060328,0.0016475267558829759,1.959372846695216e-06,20
31847585,0.002212276173586475,0.00302379385572697,0.002005548636844304,20
240298927,0.0022046925319306023,0.004055349572066196,0.012556579427905267,20
147771903,0.0021870092853820524,0.0037369464716441973,0.008474159835142055,20
19635773,0.0021784885455821967,0.0034942277193798824,0.005860874427179549,20
89342505,0.0021330613920046426,0.0022869874611044084,0.00025917597633394836,20
158785947,0.0021203393174629493,0.0022619010932494205,0.0002469890948841261,20
1661355,0.0021156081620005763,0.0015395788477287316,3.301942852319648e-06,20
80348904,0.0021132471973869414,0.0052203975488308895,0.04304352372397086,20
233291095,0.0020517535088302565,0.0024191256143490628,0.0006146410456046823,20
48667721,0.002043594616769484,0.0020962374220526753,0.00016858427653834842,20
101733091,0.0020015546653342096,0.0022790650339534124,0.00045200761649991664,20
97,0.0019906651073788974,0.0027975490567866954,0.002452681609081166,20
136662135,0.00197319094354953,0.0022880087738150067,0.0005313286141818179,20
19020095,0.001965743918471807,0.0028701743712550476,0.003201312370325875,20
147890208,0.0019580843152057657,0.003439490511929684,0.009863586085968254,20
1000830,0.0019366593349550098,0.0026960255419009654,0.0022918990039759325,20
15873288,0.0019270773401754426,0.0035380118987001223,0.012436575926745932,20
107720863,0.0019185122689025836,0.0037915675461569487,0.017774727933956732,20
8667534,0.0019083597467303925,0.0032257572542146815,0.007973349083428657,20
163195021,0.0018934269481230837,0.001988369023071637,0.0002123048381577532,20
28037143,0.0018881148663353164,0.00151637674433321,1.1349232214018518e-05,20
8217341,0.0018373091952964271,0.0015596029198176715,2.1901335729207943e-05,20
129184165,0.00181518117092217,0.0015193360369272692,1.8586025974832915e-05,20
6667555,0.0017960102052213267,0.002134506587113649,0.0006582801979054769,20
53657043,0.0017935216780547603,0.003042128428843246,0.008130752606526724,20
212066234,0.0017932971418804012,0.002034492727761631,0.00043741794629303796,20
116704056,0.0017838459322452593,0.0025885653028619496,0.0030690945842040012,20
69276451,0.0017618526642900812,0.0014183384033034348,1.1680125353924601e-05,20
19084764,0.0017360335877692034,0.0029039602417269043,0.007511217893282233,20
33247426,0.0017329638502136258,0.00242693237067477,0.0023924777995541057,20
115140035,0.0016994353008345953,0.0025927387778053802,0.004283908053632305,20
27241878,0.0016936457515848657,0.0013220600434192206,8.015265785150403e-06,20
49436751,0.00168005439356127,0.0019482699491558562,0.0005317297479816882,20
31835268,0.0016714077455253994,0.0012969885677379654,7.448188025029914e-06,20
67293254,0.0016461026374865351,0.0037900436748242463,0.03353333954653548,20
106445865,0.0016261749210812915,0.0026230685893260755,0.006063908178633402,20
12082140,0.0016229710478153137,0.002410166938639052,0.0035885165660749447,20
66425432,0.0015981211296546617,0.0014705412250852114,5.436808285081903e-05,20
81646959,0.001597495280441219,0.0018845868501694161,0.000617628649080401,20
66054778,0.0015708292133661927,0.0015721624658080915,0.00013172624651903978,20
124154167,0.0015532013486370788,0.0021549941686649036,0.002237218510753896,20
35821572,0.0015513575260203694,0.0021590852221089066,0.0022876095400390763,20
140369040,0.0015487440060195257,0.002275191067304194,0.003337009874134869,20
69674812,0.0015479323237716947,0.0010316576425684588,1.0272659699224098e-06,20
137078728,0.0015148053265605977,0.004144205674552701,0.05928888938082821,20
40922168,0.001514431908266206,0.0021874549886326286,0.0029727887190097043,20
18884606,0.0015121554146636906,0.002532000051136631,0.007554559025971844,20
116345962,0.0015104605541040317,0.006077013023255505,0.14009708328677928,20
112211032,0.0015072447574281556,0.0038725258625072977,0.048960403477436375,20
57054020,0.0015055462200717963,0.001960792347219403,0.001391540663297365,20
28,0.0014894400517031004,0.0006618360938371452,2.372783061356543e-09,20
149779829,0.0014871803641236803,0.0008545109706482319,1.2570500312265766e-07,20
95908174,0.001486317963764322,0.002541508040999509,0.008508444661871195,20
155586913,0.0014780887945250233,0.0017919460019953394,0.0007794371288555546,20
178220560,0.0014719034972932698,0.00267561546021767,0.01181899141211925,20
52350956,0.0014694426494269274,0.0030920621345692993,0.023449579461604385,20
136965117,0.0014681624119609715,0.0010034876015882698,1.4449127820976647e-06,20
54076185,0.0014670081049699911,0.0013181051764013822,4.181368588054558e-05,20
34238123,0.0014660890769592372,0.002023344731656662,0.0021525520494313226,20
25641526,0.0014623956838744957,0.001161611400374647,9.92717953808145e-06,20
37834462,0.0014421507871355487,0.002141116610407745,0.0035826369246189484,20
123274409,0.0014327307409919444,0.002075113092106105,0.0030293258726201604,20
167399504,0.0014246736288902107,0.0014257733029461796,0.00013162360686784258,20
9207772,0.0014140770943050496,0.001457338797179891,0.00017661696048374507,20
114008006,0.001406891947111044,0.004517879181519361,0.08990532256280796,20
63205441,0.0013961337724944067,0.0012622341111552875,4.4794649120968665e-05,20
163390864,0.0013874035043050959,0.0020044411967562285,0.0029775693919013085,20
121873143,0.001385121048557919,0.0016704657467631408,0.0007457703408999148,20
98548858,0.001376334589736583,0.0010115166832642879,3.7495268265985626e-06,20
157899234,0.001374019898067791,0.0012238275111777326,3.793209023501456e-05,20
151293776,0.0013596268170680103,0.002097037637282294,0.004594026509293718,20
45455862,0.0013586267412670494,0.0022377480695875995,0.0068654063125760416,20
48434826,0.0013475975498188908,0.0032181707637593225,0.038291194837641596,20
105245045,0.001339791776220639,0.0012913590744559678,8.930411693948259e-05,20
120750919,0.0013291827734003391,0.0033047180257950682,0.043984076111083334,20
43643199,0.001318289237918252,0.0006148999442502902,5.161127930032163e-09,20
92211361,0.0013157556698006334,0.002790479731250444,0.0242364456653507,20
76785121,0.001302119106124089,0.0016827207375974054,0.001309568780224378,20
176609039,0.001302055879272329,0.0018709063108690866,0.0028673091034171513,20
19885192,0.0013005557067409135,0.0026171452613642002,0.01929855585008745,20
72961247,0.0012989089936057186,0.0007884043762531758,2.7826057257676275e-07,20
135564058,0.0012967279673949284,0.0006526429747624305,1.7030279521541758e-08,20
67131402,0.0012826376027801456,0.004850392827954717,0.1257757580111659,20
30644135,0.00128173862834301,0.006229772223987884,0.18452382851274407,20
50749588,0.0012715317193335018,0.0018585270156269969,0.0032244924720687125,20
44006140,0.0012667057690257722,0.0019436229791330137,0.004444382380407463,20
101915309,0.0012533151614862125,0.0013347688073672107,0.0002430871212012983,20
19025027,0.0012468181247515698,0.0015170436644680633,0.000803452327452353,20
8272985,0.0012404234444012897,0.0027748777932294294,0.030051735020984696,20
8869321,0.0012392569931583663,0.0014324177792051102,0.0005166396338297231,20
66827114,0.001238091189828261,0.0006999702739011898,9.90518420494304e-08,20
2263502,0.0012380501009538302,0.0008082269807353217,7.736512296755699e-07,20
82952542,0.001223948487172194,0.004356441774184228,0.11209046495779564,20
32474941,0.0012065712159577634,0.001288331941910446,0.0002492095827090822,20
24666599,0.0012006234700234098,0.0010816725531400649,4.3085901808179576e-05,20
86526466,0.0011935209424925152,0.0005263631499313737,2.1008247520782202e-09,20
73683515,0.0011835934323657482,0.0008449994718280362,2.5741187627248736e-06,20
54518912,0.0011793609295368047,0.0015562257627286386,0.0015395933210854006,20
44551468,0.0011733706553667123,0.0008674575020096633,4.044510917614083e-06,20
101552423,0.0011717581597185667,0.0016433646050778895,0.002417333186374916,20
56999949,0.0011688041435037378,0.0010637834699592313,4.821943313236222e-05,20
76697364,0.0011609864954462313,0.005652564349266144,0.18492599837102686,20
32097144,0.0011598072728836895,0.0016309394844409933,0.002463670645919262,20
166670240,0.0011219040944955906,0.0010917878748864984,9.873305539219267e-05,20
58,0.0011196169911351418,0.0010389947325959738,5.9609066783844864e-05,20
23,0.0011122468637649041,0.0016654668707537337,0.0037914729201188836,20
46230815,0.001096118986314515,0.000630107554591303,1.2657004574412036e-07,20
6471567,0.001094960003235701,0.0005335387845873975,1.0285358226049344e-08,20
68911197,0.0010891659446542856,0.001443191375817394,0.0015892678419894563,20
18088703,0.001086243236706441,0.0007137578560136264,8.461500478723563e-07,20
3869128,0.001066553053750613,0.000999422847549225,6.620279861136751e-05,20
199247754,0.0010562988122656714,0.0004566907988694342,1.522474375088979e-09,20
66477242,0.0010562908624330957,0.0031649919033280402,0.0759884986990241,20
1210895,0.001052797227102592,0.0031502191997760825,0.07572388738889228,20
38936659,0.0010522070847112154,0.0009346975039038204,3.681532584344481e-05,20
159262353,0.0010364383215473005,0.003936687778999347,0.1267855146788671,20
34914132,0.0010329664112267267,0.0014712713046767165,0.0026967730330469293,20
241522286,0.0010235167880382535,0.002136319698425556,0.022654121011535876,20
213895849,0.0010153875676057079,0.0012447358555230995,0.0008552123960159668,20
128820920,0.0010084395906229504,0.001594323196161193,0.0053651046858405795,20
171798354,0.0010022092601576714,0.0006074837294319863,2.728678556130533e-07,20
25160422,0.0009999609124780983,0.0015024103620834863,0.00387707567194468,20
83022065,0.0009952187865118311,0.0028014538747892894,0.06431171677739903,20
91334466,0.0009921823684090557,0.0013282159689086636,0.0017175912264537974,20
39846872,0.0009793548952174158,0.0022816426322799345,0.0350271521703734,20
96122615,0.0009754158408075808,0.0005402462898756644,7.300621228810844e-08,20
58415744,0.00097529938918966,0.0008059376866183189,1.597408664231595e-05,20
76463334,0.0009741606738257802,0.0009854761702991753,0.00014675725978644308,20
207485011,0.0009733295022587296,0.0009730095527260525,0.0001301613422532607,20
36077559,0.0009694079879992934,0.0007088943921897946,3.515535672618926e-06,20
85472649,0.0009657177664926242,0.0014492786951715575,0.003847573483476902,20
49689619,0.0009532906051973544,0.0008418580642672913,3.445602423528259e-05,20
102254590,0.0009517305363359651,0.0007798616281211238,1.4449865202016654e-05,20
127116942,0.0009478010662531733,0.0006424100445571787,1.290646907381963e-06,20
53557414,0.0009471880787153386,0.0009074213129756215,8.377931041385337e-05,20
153795774,0.0009423393921921431,0.0011450706388272528,0.0007946623665919294,20
101552095,0.0009418504386766779,0.0008268472065865053,3.222623897872176e-05,20
62821827,0.0009417700700116605,0.0009012442103277144,8.281783238871127e-05,20
43261530,0.0009379999489869617,0.0007250800403213012,7.1007786874886365e-06,20
224905913,0.000924108303697968,0.0006942886730665624,4.966851673786099e-06,20
97747894,0.0009234775032196218,0.0031834794767907093,0.10503051307240634,20
211064876,0.0009200940111109335,0.0008547915587856699,6.033301225707645e-05,20
51054154,0.0009193959693643339,0.0010249480215194548,0.000373093228098768,20
36622105,0.0009181224062537963,0.00128409350176703,0.0023700127674124794,20
95446684,0.0009095838997314421,0.0012234004434137336,0.0017796014730641376,20
85,0.0009071379125558221,0.0006844244723905882,5.239626691428529e-06,20
132807034,0.0009046063528245274,0.0004790926590444541,3.7215771923007386e-08,20
2061476,0.0008995480339848815,0.000764734358803051,2.2288275110671515e-05,20
40681788,0.0008979159811005666,0.0005864272154933455,7.781622256103729e-07,20
185618037,0.0008974828544860758,0.002362288401336582,0.05281170319484531,20
169799490,0.0008954071181111023,0.0007019955806109456,8.456066164589651e-06,20
66692433,0.0008953624942455108,0.0014339153313983842,0.005806114013744667,20
84270980,0.000894626022182099,0.0014213490362844912,0.005529856281525355,20
29668408,0.000891695167460449,0.000992822820669814,0.0003688334220309712,20
69596862,0.0008895157990122471,0.0015775896991286954,0.01038589493454337,20
41291755,0.0008894935539000115,0.0017828669932918454,0.01895638768108375,20
161101996,0.0008878825756928943,0.0012181216699065154,0.0020613390144438816,20
130167063,0.0008863187426733143,0.0018077775873530022,0.020493740503319077,20
60544150,0.0008853248796803992,0.000824683025632495,6.209505414682793e-05,20
73838950,0.0008838504624173238,0.0007611538010064971,2.5875448506137945e-05,20
112807459,0.0008797379508371506,0.0017651117368673714,0.01904391708525386,20
123474531,0.0008709070229178439,0.0007302783882577339,1.8983629596011255e-05,20
186219808,0.0008689204270525497,0.0005179826735041089,2.1473472019636096e-07,20
67150296,0.0008687237096631328,0.0006775883249105414,7.937129211004015e-06,20
153184042,0.000868378291801708,0.0004723044317338036,5.5624935738994146e-08,20
24025913,0.0008671348924919053,0.0005695575642912324,8.415387646143206e-07,20
14824119,0.0008580676995585124,0.0006600389104131871,6.6790425568599635e-06,20
187230944,0.00085454403918786,0.0007737912606714947,4.5573148119140995e-05,20
47509112,0.0008538575787466474,0.0005496647544468497,6.374234816000881e-07,20
77308302,0.0008505266077224627,0.0013368525818966772,0.005174702658677451,20
55353984,0.0008495022514011019,0.0005850792132322058,1.600372977587761e-06,20
65672651,0.0008407895431061574,0.00153974810900175,0.012277274303345062,20
37706295,0.000835965991321741,0.0022922544798260284,0.059682989598686814,20
95721970,0.0008349770023213965,0.0004777565907808051,1.1819341329835107e-07,20
67027118,0.0008335120596660417,0.0007310711599438521,3.189525081734729e-05,20
106045412,0.0008329255344520781,0.0023218955949558277,0.06257366016568416,20
36044279,0.0008325748877617778,0.001750674360041596,0.023378068137924365,20
54276276,0.0008300872288365957,0.00046992850520935703,1.0102961344285515e-07,20
149052644,0.0008214569503851909,0.00080122564379221,0.00010109392181674207,20
23126366,0.0008194647462564208,0.001151914121794104,0.002457125349492782,20
232513945,0.0008165361361917034,0.0010219738620146411,0.0010143258409204764,20
108249540,0.0008115473689896902,0.000884523433810698,0.0003026743350911695,20
69176879,0.0008107716904598939,0.0009846299066610638,0.0007908265369162443,20
35530604,0.0008106991298762356,0.0006395842206179737,9.133626655608164e-06,20
9887653,0.0008089635375813087,0.0006587002443894773,1.339763017224691e-05,20
11274951,0.0008084162708326792,0.002118029756404169,0.052062111184374565,20
70876148,0.0008056965900358037,0.0008787840930150316,0.0003047386351916179,20
125663579,0.0008021083633727666,0.0005331041793610634,9.89149658940585e-07,20
54811081,0.0008015608907486593,0.0007971995851980034,0.00012354121862553585,20
105756874,0.0008008042975049312,0.000603021201817584,5.112145105267587e-06,20
60017534,0.0007997221416226108,0.0007551668587651272,7.188174986907597e-05,20
50555544,0.000797284600962328,0.0006370439744577646,1.0666034168947396e-05,20
57723828,0.0007949425385864906,0.0006851259766231424,2.6110154925880453e-05,20
27810660,0.0007947193141559616,0.0007856732143909917,0.00011619429563351977,20
52041601,0.0007912501085150069,0.002198880228140239,0.062024160081800825,20
91241647,0.0007871409697276898,0.0019022347103632607,0.03992253283954085,20
50690050,0.0007856201428966869,0.002120092432805043,0.05695055137668101,20
83,0.0007852336519516667,0.0007024845439443485,3.984488731957192e-05,20
58283385,0.000784742155354462,0.0006336312452771937,1.2109833910678363e-05,20
101922599,0.000784610750057213,0.000863251747450363,0.0003304436814145845,20
155097423,0.0007832462477450952,0.0014860033711190435,0.014646819085593723,20
200119,0.0007816175614687171,0.0005684831872989552,3.2780953912076056e-06,20
60264464,0.0007801957040542817,0.0007727767635638547,0.00011847154555942058,20
130071629,0.0007747284192902937,0.0005689767074738528,3.7159370673363875e-06,20
188621549,0.0007746718751407422,0.0008784345101994776,0.0004354964548155752,20
51055716,0.0007722312263102992,0.0008832739775319595,0.00047062926783977436,20
13073768,0.0007709891259594815,0.0012732293438694519,0.0069724570594654435,20
186019583,0.0007693282052693929,0.0006473695359323406,1.9780636765906764e-05,20
88920640,0.0007673079750745493,0.0039171323502362795,0.1959787325429903,20
99312338,0.0007672362246246179,0.0018463971061581025,0.039344230831372826,20
120222104,0.0007596717162479782,0.00047487295672912446,4.2259879247990557e-07,20
173807024,0.0007592957495004993,0.0005819512069856601,6.383738616334671e-06,20
90380845,0.000758567527921039,0.0010617207689404445,0.0023825564905403072,20
121738203,0.000755740615323397,0.0026505042468378953,0.10881533282183299,20
11275293,0.0007557074754827198,0.002979552754125868,0.13539431884233732,20
207261153,0.0007520288996193947,0.001926689214728654,0.04851824187201502,20
61745222,0.0007510816308000212,0.0005588575441487081,4.391921981732387e-06,20
245726054,0.0007501493920811619,0.0014248661861105067,0.014729949576545739,20
66709024,0.0007489576782055806,0.0009259907314951999,0.0009177158693910435,20
176216868,0.0007486997854691368,0.001114565110875692,0.0036474329851299745,20
20258638,0.0007476685419247842,0.0007155896559890974,8.293332634445485e-05,20
18044222,0.0007443204501798084,0.0008360787360122607,0.00039979110440608467,20
72359196,0.0007434188589637514,0.001660784859432174,0.02989240866743613,20
59124852,0.0007427336923221062,0.0017771964564813345,0.03855807789423983,20
63088455,0.0007422938554267899,0.0014125052708633368,0.014860368535839255,20
30896120,0.0007394857956362633,0.0010691161986984914,0.002992000055075452,20
8669116,0.0007381202730140091,0.0009229035691905253,0.001006097094315368,20
68976415,0.0007377312583531581,0.0006432377043541402,2.9817173200805334e-05,20
41449771,0.0007361199384685102,0.000517475767356989,2.1007679751914924e-06,20
69534261,0.0007352455004242641,0.0008341204870708107,0.00043735017956045573,20
42450774,0.0007325950227483003,0.00048245083206867524,8.723505621663688e-07,20
105557003,0.0007297036749534802,0.000780966026576013,0.00025480811283910577,20
135026706,0.0007290592643568516,0.0006825108677414511,6.55179873393925e-05,20
68673797,0.0007279236443818893,0.0005116602402169633,2.097856916933141e-06,20
60672313,0.0007274006661935617,0.0004573371145509915,4.584273468113544e-07,20
239497790,0.0007249149396225451,0.0007670446907564408,0.00022842258700024945,20
124354426,0.0007249125087056829,0.0009266122795666821,0.0012013032249416017,20
156698673,0.000722670811930759,0.0011637252617776185,0.006002547977449636,20
84316452,0.0007198857759262878,0.0004087194023676163,1.0542765034991015e-07,20
73940748,0.000719685808362841,0.0005903183990250774,1.4625535499259191e-05,20
165468765,0.0007155748096783155,0.005476733865867496,0.282940590410238,20
15950842,0.000714349713419965,0.0005435000745940469,5.822707738384369e-06,20
56,0.0007135563013707602,0.001151979686403823,0.006095446487099351,20
3084866,0.000710157873100109,0.002794354274716231,0.13492939528570216,20
203838417,0.000709108073070619,0.0008423966933652405,0.0006558834623594722,20
144372769,0.0007079799621184712,0.000496017877347389,2.0091255185460876e-06,20
109098973,0.0007076307503316559,0.0007185882165048453,0.00015248643241972534,20
76901689,0.000707401032090077,0.00044544968781981515,4.684735894024109e-07,20
80266617,0.0007066668344934357,0.0004188365846685746,1.9756437361954754e-07,20
144765833,0.0007058872600138822,0.0015455810044539982,0.027615077763869122,20
2061974,0.0007043533018198433,0.001169601738695592,0.007199545804632744,20
66775010,0.0007035422072381392,0.0007405682345553052,0.0002172270876115303,20
118949470,0.0007032986933177776,0.0006068726746029522,2.6473970928405687e-05,20
55855374,0.0007017043136733015,0.0006880569833934647,0.00010679493714271213,20
178020447,0.0006970099474133962,0.000240250087650527,3.427373050819113e-11,20
31297630,0.0006945590269896828,0.000461545913035995,9.868748046786971e-07,20
122149917,0.0006923311248338393,0.0013466283287902156,0.016502543224750203,20
6264480,0.0006914556871341626,0.0005384081713766009,7.772325106768564e-06,20
227686907,0.0006905203252197956,0.0009018090867713947,0.0014217318686315877,20
29495508,0.0006896460586636788,0.0015339805611842231,0.02939013865876119,20
126356151,0.0006895751206023703,0.0006217887206041451,4.3497662174881856e-05,20
24527946,0.0006879785381443904,0.0006988469989832521,0.00015295763526660894,20
43705601,0.0006878330284674661,0.0006127877572901411,3.802991461049192e-05,20
4995942,0.0006872759159094799,0.0006399547996326474,6.183889710659386e-05,20
136077044,0.0006872054570021102,0.0006177990938389372,4.207481713714167e-05,20
56922749,0.0006871174537877667,0.0006074614910983893,3.4882780098017565e-05,20
31,0.0006850351135805788,0.0004464589034541265,7.560179687786876e-07,20
32041167,0.0006833995750332,0.0015506706132054346,0.031738672766228715,20
80066582,0.0006830717441943634,0.000390123533948459,1.1504842244753573e-07,20
112927208,0.0006811866727166272,0.0006465819724350261,7.596717019000536e-05,20
103290220,0.0006803455511324774,0.0011997269551867282,0.010072444383918666,20
29434156,0.0006795335301213901,0.0015631180899393078,0.0334164928108135,20
89915359,0.0006791278571788184,0.0006259490641136548,5.535961802312666e-05,20
130320119,0.0006777980477861156,0.0005953008110145578,3.2388759281960414e-05,20
6615728,0.0006740435204588335,0.0008848530494734783,0.001479692186962512,20
52656980,0.0006730394739577539,0.0006893362126885291,0.0001660778198416263,20
179411277,0.0006711282538745145,0.0006241940349298703,6.106797633490941e-05,20
154184341,0.0006707063442820349,0.0005721381456025271,2.318839030352866e-05,20
5864339,0.0006696577342252708,0.001046593528581015,0.004994093793313605,20
16023405,0.0006685552194469091,0.0007023737114077596,0.00021317267991979955,20
23886345,0.0006672308355875622,0.00043594931486494833,7.826533909521992e-07,20
153342987,0.0006669112673743927,0.000688479850535622,0.00017959555374276,20
32694686,0.0006668419319923291,0.00038222669179720464,1.212968754779346e-07,20
166794068,0.0006660382650086338,0.0006437359060812866,9.19247418140923e-05,20
28563495,0.0006639579726501754,0.0005755968416404938,2.792383745460262e-05,20
38260503,0.000663044225705306,0.0005012180221447041,5.367925554653398e-06,20
96231048,0.0006623353925274189,0.0007268942728985326,0.00032282500251308945,20
39141284,0.0006616801302299358,0.0005221664913242326,9.165363236986789e-06,20
121124501,0.000660394516710372,0.0007131924643201214,0.00027759174011564574,20
82552040,0.00066034840935289,0.0014668095175346784,0.02923335204775526,20
152778289,0.0006591451569461004,0.0007458113455865138,0.0004270452287916317,20
17675557,0.0006591291461029603,0.0010314076262581309,0.005032747130273179,20
32932783,0.0006566666787196585,0.0010756661937003757,0.006647587139692741,20
91041588,0.0006559661855162879,0.001248326024275271,0.014865742898793029,20
15613384,0.000655378869265899,0.0006511444930259009,0.00012225385654038206,20
119953973,0.000654824147372024,0.00033969405231893004,2.713455197818953e-08,20
119950355,0.000652035207852314,0.0011960585619261114,0.01238144282200834,20
17426542,0.0006514804796541873,0.0004199410127518132,6.492303174251178e-07,20
183015182,0.0006508935474531686,0.0006291583764889371,9.20166295356854e-05,20
189034505,0.0006507359139712787,0.0006003385839637689,5.592336378948454e-05,20
5464310,0.0006455140494052491,0.000589794775667751,5.031852522603069e-05,20
21482399,0.0006422907410440825,0.0004932545823318544,6.5444127996929195e-06,20
40108751,0.00064025015421178,0.0016134748287184848,0.0459936901580192,20
38736231,0.0006397020735345538,0.0005925685030676364,5.845513081707315e-05,20
49405663,0.0006386416983195531,0.00083611615323422,0.0014491398160321797,20
155697818,0.0006345203824015822,0.0008346125340321665,0.0015023197148414397,20
6816431,0.0006339642288109403,0.0014567668702580492,0.03328580435350826,20
73473494,0.0006334717059232719,0.00042325462760327574,1.0629960382696752e-06,20
177820169,0.0006323508347191919,0.0008953147609937403,0.0025859404472475343,20
29645245,0.0006312052688131175,0.0004242104989560528,1.1507344208088254e-06,20
21835071,0.0006307784234600821,0.0005435276658015722,2.6048118126274365e-05,20
167194227,0.0006291551695551623,0.0011905880988372652,0.014463981312131656,20
44706577,0.000628804436177044,0.0018702094762649197,0.07455902880671494,20
47346275,0.0006279021058489042,0.001438830902934284,0.03294097474037984,20
156798444,0.0006278693511918787,0.0008003551524260977,0.0011752194639600391,20
78665246,0.0006275882385391284,0.0005724242230886758,4.937075606305156e-05,20
70468000,0.0006275285513205941,0.0005617998847132121,4.016383949386391e-05,20
43042950,0.0006264047827890751,0.0005440349126569328,2.8513652974313424e-05,20
104934301,0.0006249949063355075,0.0018311307005738943,0.07169109166710168,20
98684674,0.000624887741708402,0.0006927361702195811,0.0003543704390422164,20
111516808,0.000624646016020769,0.0006403034563817137,0.00016745588750712403,20
23357831,0.0006210618941509316,0.0008784688394454456,0.002568064834660592,20
75744635,0.0006207464195047585,0.0004092718114397258,8.864646046332845e-07,20
180613345,0.0006207237656252251,0.0006907312755533177,0.0003669320042161624,20
60099095,0.0006205180200324234,0.0005411779385933396,2.990518607731454e-05,20
4795874,0.0006197378862024316,0.0006180834883172927,0.00012709523447632787,20
84954203,0.0006193298759853083,0.00046414130296918885,4.81139492982106e-06,20
128869943,0.0006183964412048382,0.002132417988593555,0.10509576244438233,20
5268189,0.0006177951450970943,0.000562880790526069,4.878526074601817e-05,20
54454187,0.0006172359456179943,0.000319145160690315,2.580303459451097e-08,20
74903814,0.0006157714627003763,0.0016141127261592818,0.05214288059434283,20
27032332,0.000614273991877251,0.0007039171055758334,0.00047853919909449,20
133371042,0.0006139026227005018,0.000741177714057753,0.0007526650110655894,20
31047046,0.0006137836474551684,0.00044638838232482684,3.2755822451275707e-06,20
118410936,0.0006112851102565376,0.0009107668300717558,0.003667912277982838,20
64772489,0.000610520113326668,0.0004744921311285372,7.593129529996119e-06,20
134990170,0.0006104692703873315,0.0006068390965344985,0.00012290179092494906,20
36972392,0.0006086558665311659,0.0007433243417616798,0.0008287632176052574,20
49068213,0.000608360869986796,0.0004485743083096972,3.910745435290935e-06,20
9271703,0.0006001796091100409,0.0009556549122521852,0.005605368404160237,20
34295284,0.0005980909007012591,0.0007108908459525544,0.0006588924148598582,20
7265212,0.0005973800877299929,0.0009452189228388226,0.005392267561132691,20
464840,0.0005964735149240064,0.0005774736107402703,9.356030845895295e-05,20
179008744,0.0005956385170369505,0.0004326481180312537,3.2227631109664312e-06,20
76033004,0.0005952193431968233,0.0006615499622329503,0.0003628791898277631,20
109135664,0.0005950697845439557,0.0005086255531457885,2.3727223223193268e-05,20
196042631,0.0005948164040329828,0.00046053634178307477,7.24399076448204e-06,20
132350880,0.0005935919492313258,0.00047361373405344743,1.048255934173176e-05,20
57656839,0.0005928760606400074,0.00042375298462710896,2.6127828309358015e-06,20
122953330,0.0005921640427583086,0.0006688176565109488,0.0004201507647155147,20
53717922,0.0005910732610007019,0.00043350604579117213,3.651441463121023e-06,20
225084316,0.0005905887457810343,0.0007347249595634846,0.0009655675852643442,20
36432194,0.0005902210449850509,0.0005539598912163999,6.73533363487796e-05,20
4403875,0.0005892712750349471,0.001428541502346091,0.040360926064790414,20
8274040,0.0005883295019748491,0.000689263379489288,0.0005815337379663167,20
4669675,0.0005877987377390592,0.0005487298419551142,6.357100114013392e-05,20
5614769,0.0005873695251581823,0.000582703195196007,0.00012040093305048461,20
193625751,0.000586626136043189,0.0006052438671333526,0.00017856137386097472,20
122061475,0.0005862739974212827,0.0013936479135974534,0.03767120867142461,20
132026345,0.0005858145033031392,0.001587431213770175,0.05765091034993839,20
41026771,0.0005850440346206132,0.0005011985689431082,2.43612919550024e-05,20
40943918,0.0005848739641071798,0.0005475625580500183,6.555809948014637e-05,20
22631461,0.0005847149504240978,0.0005299035378387345,4.599632644467525e-05,20
18038560,0.0005818170524703959,0.0006635127665803552,0.0004583359166200793,20
4464995,0.0005808895391931467,0.00057388140109511,0.00011537464221334875,20
106532398,0.0005807336230727212,0.0027336120721811992,0.17700342645960387,20
57457300,0.0005792873839824741,0.001065970838620585,0.012581706355706811,20
3002153,0.000575889497942772,0.0005813246579955872,0.00014360999874749367,20
90456170,0.0005749852118003274,0.0006623905300906662,0.0005015871737202609,20
48669113,0.0005739109568997869,0.0009616750122545751,0.007586237773706437,20
77664095,0.0005736773647534776,0.0008979280754346481,0.005041020632384874,20
72874041,0.0005733941221256422,0.0003636302756905133,5.173300066182254e-07,20
70498975,0.0005732499635447474,0.0006195318920537092,0.00027950897552459967,20
124728429,0.0005729376349999094,0.000496941914291754,2.8086478978138454e-05,20
220302117,0.0005718251044265432,0.000727224312097094,0.00115366370069141,20
205859602,0.0005717191449690461,0.0025370532746861606,0.1631101625847186,20
88756975,0.0005699804626910388,0.0006967955903474928,0.0008357755281322978,20
59059069,0.0005697945881832478,0.0009334168270636764,0.0066498268470670556,20
235716365,0.0005696643722745587,0.0014063623562225297,0.04295162691906705,20
38136026,0.0005686392236990467,0.0009598595883828102,0.007910973431758676,20
4614149,0.0005678830362955522,0.000749519868543242,0.00154226798827693,20
58848313,0.0005677916153754625,0.0005410042613579914,7.910077699118496e-05,20
190625248,0.0005668752489674689,0.0007910208893396327,0.0023313392023456905,20
84894838,0.0005665032049305463,0.0005000754007487852,3.429491664547735e-05,20
120175464,0.0005663620006526426,0.0006190173647654495,0.0003106897050316116,20
4416121,0.0005661607417601078,0.0010876897791604232,0.015561281918565291,20
83269346,0.000565945954625624,0.000352439577027267,4.00651328544469e-07,20
32675030,0.0005656227478635978,0.0007012395962498723,0.0009386256277819731,20
93384594,0.0005636448848140074,0.0006130886403453327,0.00029699141485923543,20
110337705,0.0005636199620858706,0.0005319729201449342,7.152800716404289e-05,20
57460153,0.0005633974274049658,0.0007177702856305954,0.0011699963001595827,20
48067227,0.0005622784886151422,0.0023796570663785622,0.1519497279546552,20
31134273,0.0005615090489635322,0.0004906367791640421,3.055288607086384e-05,20
32035421,0.000561040772636645,0.0003647169593555945,7.298859796852289e-07,20
122861867,0.0005603683321588837,0.0004729775276510752,2.0499672807424196e-05,20
95700158,0.000559570681591437,0.002193725359294289,0.13407621334027062,20
21661128,0.0005594036930941903,0.0010684838919753912,0.015132560884022829,20
141370117,0.0005592884462436942,0.0008316416462477448,0.0036197275884599558,20
42941468,0.0005584877974303848,0.0006825630645651427,0.00083391184086272,20
67350372,0.0005578698831939066,0.001252442932556268,0.030470273312385165,20
79365944,0.0005578194656170654,0.0017091023974376424,0.08036536907753011,20
48711371,0.0005577052502980517,0.001663658334297128,0.07512895039477413,20
201035607,0.000556822530968576,0.0004993888415433165,4.09696870443009e-05,20
19828492,0.000556525859347684,0.0006042425411853222,0.00029194767064062943,20
99149404,0.0005560005672389124,0.0004985172688705238,4.084683399602252e-05,20
44706790,0.0005550319820089578,0.0006490694999374341,0.0005723639854424956,20
116321240,0.0005538585840774935,0.0004636218908498036,1.8601713751811283e-05,20
53517840,0.000553640179590209,0.0022211214199097267,0.13943389404203238,20
137429590,0.0005532459890385422,0.0006282257292287654,0.0004410001641276221,20
72478323,0.0005524809203345194,0.0015421305128669148,0.06280551441230262,20
75282465,0.0005522357103060482,0.0006229712563268067,0.0004156036074378563,20
1400892,0.0005521963390035523,0.0007559059390719367,0.002028138193522985,20
237718119,0.0005515121597741979,0.0005813509920371013,0.0002201929155543694,20
57141231,0.0005509932533309447,0.0008180101543359115,0.0035816879289697246,20
135660866,0.000550672371387928,0.0006479701757349291,0.0006040451276657693,20
45450469,0.0005501648225278045,0.0006207499209355922,0.0004163002916280487,20
70288755,0.0005492367788432096,0.0006468652102996442,0.0006087965769477703,20
52719088,0.0005489062329453343,0.0011030302923643747,0.019176991621625658,20
208086100,0.0005465849631927422,0.0007403260583330704,0.001875092690860929,20
137191729,0.0005464298122894063,0.00026660299706624804,1.049630000930383e-08,20
42302808,0.0005451651153248804,0.000891399631663913,0.006576618188909497,20
49649410,0.0005443050059253052,0.0018276460549404804,0.09932859059519775,20
29364454,0.0005441656520581095,0.0013612983503419015,0.04489381967577732,20
34837076,0.0005420973680256514,0.0006501858091765143,0.0007117771178479794,20
22080747,0.0005420850192168536,0.0005341125452797994,0.00011224193848783768,20
68473380,0.0005419889190916571,0.0007662637691339913,0.002559561586541918,20
180012343,0.0005407532543532101,0.0013542627533265586,0.045058888272879585,20
146370996,0.0005399486310772639,0.0008445377654404533,0.005018752903164951,20
161589520,0.0005387831721257119,0.0004390974223085912,1.354187366921786e-05,20
67910628,0.000538453780619691,0.0004910073777676333,4.9241465827673586e-05,20
44249687,0.0005383382147433168,0.0007371827078471,0.0020331430261197243,20
94520582,0.000538266334231402,0.0006134477965314637,0.00045567281716588575,20
109514980,0.0005373688452492865,0.0004936911915159155,5.3440447523975184e-05,20
147220326,0.0005365508499041605,0.00042144501120914294,8.65392162097434e-06,20
183815439,0.0005364560813711061,0.0006373726045284575,0.0006565971776280689,20
64022656,0.0005360454194432984,0.0009321794120070001,0.009339383889839067,20
108140032,0.0005355816975901928,0.0005489749903122857,0.0001673600522469485,20
17224988,0.00053527065798053,0.0008486354009766125,0.005458957516666011,20
239720458,0.0005352288665232963,0.00047958325971704383,4.055386177449061e-05,20
90101081,0.0005339198534340672,0.0007130997305541379,0.0016879074431695687,20
22463544,0.0005323713146239695,0.0005829296400453081,0.0003160292922500992,20
144565779,0.0005315069314794473,0.000507642423844479,8.11257856668063e-05,20
64661527,0.0005308381007273378,0.00042824548988034235,1.1983016312109173e-05,20
57282255,0.0005304228558539459,0.0008347486003504735,0.005214707791223389,20
84887564,0.0005294935284953284,0.0002712345688662709,2.2357721914388754e-08,20
190823298,0.0005289344246340866,0.0007771502353195709,0.0033403835510094344,20
52065895,0.0005280579720194634,0.0004179784419928358,9.510622028949288e-06,20
69898870,0.0005278245284873085,0.0005089462429900712,8.967721466293062e-05,20
43712390,0.0005269396151472372,0.0005140806493897837,0.00010133676444453069,20
14223517,0.0005268772117506648,0.00048762415922762667,5.789537303356462e-05,20
217499414,0.0005257261946563563,0.0007726033430550547,0.0033452642719328353,20
27089886,0.0005247757358032678,0.000762343791015809,0.0030922145695581457,20
148891427,0.0005242514516176633,0.0005411531298617828,0.00017942166663574747,20
78164758,0.0005239364752846643,0.00046725366280521256,3.8470687934018517e-05,20
168673747,0.0005236885065115048,0.0005823826790847186,0.00036480201482928706,20
57256769,0.0005235167866859513,0.001472029650524343,0.06411368324944237,20
170801043,0.0005233209175326325,0.000661945632704562,0.0011047240675450753,20
27700520,0.0005233100041644401,0.0024842668240273027,0.1789949446218379,20
22295146,0.0005232837662383194,0.0004903688655552795,6.623362725098608e-05,20
139830733,0.0005229406550838755,0.0008030989281219772,0.0044693969568971245,20
155458803,0.0005227742604071272,0.0005109403134362021,0.00010325585896730493,20
157699205,0.0005226565605956135,0.0008604853442282106,0.0068483626112743,20
149582839,0.000521351516955848,0.0009825616232889383,0.014177091400618144,20
97328714,0.0005195023240233798,0.0008825858926735672,0.008204896666931139,20
45552290,0.0005185046851261088,0.0005973259591219081,0.0005016001201371864,20
33473488,0.0005184238352948956,0.000880085705387184,0.008169862117707526,20
13671183,0.0005181963780840515,0.0003884058571879101,4.820290540825747e-06,20
163303962,0.0005175618387444347,0.0005732446433752527,0.00035146318956380226,20
75883650,0.0005170950888454484,0.0007473930045320926,0.002986474877505038,20
85154685,0.0005170332961552393,0.0008316291612738873,0.005961046973073218,20
21622752,0.0005156045293650657,0.0005758365121470318,0.0003793044421072447,20
185217189,0.0005143957097504426,0.0005586273490012778,0.00029257351698944156,20
860600,0.0005129885755130237,0.0006721352579661182,0.001457923727460302,20
4215843,0.0005123772102162028,0.00045227722990831516,3.42787043524541e-05,20
69667660,0.0005122435204146403,0.0004883378740822286,7.955005819089132e-05,20
197031664,0.0005119635595176531,0.0003361897108292713,8.387336730611475e-07,20
128790578,0.0005103325742396025,0.0006088023308254314,0.0006798516313513734,20
109915352,0.0005100118336732018,0.000640444925937451,0.0010419158995278593,20
42,0.0005099937494972284,0.0008204291546745248,0.005966445540585304,20
117922201,0.0005089302695539088,0.0005318744227489409,0.00020255826911325843,20
83690728,0.000506880789558456,0.00032927066990592294,7.226265690680508e-07,20
83448170,0.0005065659609013229,0.0017014876700661655,0.0993993420127003,20
147737631,0.0005059465330903457,0.0004403619423959723,2.92219981317722e-05,20
64807214,0.000505849835587302,0.0006031911442614302,0.0006773167167694238,20
193827754,0.0005039689294521754,0.00050097896481344,0.0001229190779163243,20
54152426,0.0005022739463687697,0.0003038168175009201,2.6484541898103096e-07,20
30165735,0.0005015707529077929,0.0010462682454380552,0.02259607258183476,20
30239698,0.0005014077463517841,0.0005693157282267002,0.0004406777794124565,20
242900951,0.0005009122465655935,0.0004565650279774011,4.8994548478861455e-05,20
55668480,0.0005008506420830117,0.0005275978768237796,0.00021878191266108113,20
14939241,0.0005005277637887051,0.0023853245245250587,0.1799037564302272,20
94307138,0.0004988813214965915,0.0016368978555500282,0.09441190692508067,20
48453276,0.0004982815786988171,0.0013771304818105132,0.061057272197585,20
38882165,0.0004974814321970667,0.00040144571457719527,1.2022791149916278e-05,20
54120245,0.0004961216274893653,0.0005626184857137915,0.0004358058470788417,20
45859977,0.0004959714187942887,0.00037620273452243416,5.603731957250409e-06,20
54,0.000495784656218251,0.0006733136202646103,0.001912627801980915,20
113744582,0.0004954299094138637,0.0006341897468604409,0.0012150862015134218,20
23205811,0.0004942789492059785,0.0003210638712288363,7.219857475353701e-07,20
138566818,0.000494276924009568,0.0005586975416302528,0.0004231416599870644,20
50855558,0.0004942527442010402,0.0006081667762726649,0.0008822162413128134,20
60620107,0.0004939296340942146,0.0006336996366528762,0.001237019338934109,20
186029481,0.0004935256381083996,0.0004315653759410926,3.082082584787015e-05,20
14435366,0.0004934351121648583,0.0004712495336655775,8.107031897069734e-05,20
57,0.0004925187279230525,0.00046709795653777355,7.527798924775258e-05,20
42354982,0.0004914418770332995,0.0013794668893844827,0.06380548741061386,20
39624878,0.0004913675938246931,0.0006226001643848688,0.001120107164771332,20
85695877,0.0004912892972864346,0.0004100912901533648,1.799620528948734e-05,20
112364582,0.000490265111639826,0.0006495114000738989,0.0015872013824052439,20
7216586,0.0004897216827010054,0.00047651371084009433,9.859959840023988e-05,20
55212356,0.00048817321153233896,0.0006472718411013811,0.0015971801582515088,20
70755618,0.0004866562673888353,0.0009544931935983878,0.017159054416836173,20
119574355,0.0004865447037194437,0.0006758775800649119,0.0022569290596078846,20
73082956,0.0004857228569925376,0.0004863415510354491,0.00013229483173231036,20
8470537,0.0004855288439418348,0.0005764685037588102,0.0006527293504548881,20
68094969,0.0004852630224218224,0.0011838075124004427,0.04124430380462565,20
218699815,0.0004839170490023914,0.0003657814132303294,5.362707001984069e-06,20
1016948,0.0004825695663392915,0.0005120356225974607,0.00023461423842417218,20
236716686,0.00048174787396896846,0.00034753301186226797,2.9486185603110182e-06,20
8417343,0.00048130202339183303,0.00040581297330672365,2.0248285097618632e-05,20
72013797,0.0004809415721830079,0.0005523364330325236,0.0004879706027829346,20
84493775,0.00047969262241782663,0.0005520175580759065,0.0004968194977262627,20
107046692,0.0004795491976186006,0.0005453868670479763,0.00044719609705007736,20
70298889,0.00047913193254948695,0.00045821105506569883,8.22416860455963e-05,20
60686342,0.0004787163873985922,0.0003697167381127555,7.0214459293297375e-06,20
63460918,0.0004786039892878513,0.00039248402025461604,1.4586335223688854e-05,20
124742610,0.0004779037719418233,0.0006581724952906464,0.0021199206318604402,20
188421362,0.00047773699705795923,0.0005201578424993591,0.00029975407150704015,20
26489544,0.00047541731578282784,0.0005122864084780546,0.0002718133511850135,20
74284687,0.0004754116011330467,0.0005989245962977062,0.0010694314194912601,20
37542203,0.00047494485372909787,0.0005081478306454133,0.0002540331462854534,20
29694832,0.00047492427064113054,0.0004268308172260968,4.193578635687584e-05,20
90,0.00047491153643360875,0.00043853642225433453,5.6488784386664005e-05,20
39283962,0.00047475945111535856,0.00029398431142729103,3.6981989061768055e-07,20
119421209,0.0004747392643200121,0.0005644216569414507,0.0006603627875863548,20
24229532,0.0004746232112600446,0.0011304580630639085,0.03793537686623967,20
23832634,0.00047419706463679433,0.0006334244466467474,0.0016897224872217077,20
90913244,0.0004737052209893955,0.0007050533151803479,0.0036427444884924074,20
101527507,0.00047355754551023366,0.0014003671970758092,0.07345304966666792,20
16873857,0.00047274209366263695,0.00044826486466301776,7.514020749883956e-05,20
121925008,0.0004724558331084316,0.00043203850815461093,5.078588864954356e-05,20
171401278,0.00047079355176234404,0.0005537116895717607,0.0006015335952926657,20
77242076,0.00047073667136529607,0.0015059388082969691,0.08912101820768335,20
2,0.0004689541790738605,0.0006972527991949955,0.0036174776916079246,20
133274753,0.00046894318211791465,0.0010433864935354934,0.029424948703509042,20
68096489,0.0004679151678781579,0.00041150086405460974,3.287143748151882e-05,20
46327387,0.00046704117887411134,0.0006796299384254574,0.003128503600594407,20
122753197,0.00046667405841879783,0.0020044094173018025,0.15542126601873937,20
55480106,0.000466437634690009,0.0006338826762313751,0.0019221508456403929,20
71468956,0.0004643812293628036,0.001080323842223548,0.034841708739852525,20
36039763,0.00046353035728231016,0.0007049445135493351,0.004196903113858704,20
87309955,0.0004634803231169715,0.0005485651050379045,0.0006353228548514931,20
165792726,0.0004629851295138432,0.0012601315176613255,0.05840353468291121,20
79,0.000462918337614443,0.00038136226157939193,1.540346026793845e-05,20
53479298,0.00046234385568640345,0.0006977876899278961,0.003993154965420204,20
76663351,0.00046221078034078267,0.00038927143924173365,1.9979818038254844e-05,20
98129191,0.00046058443007525595,0.0003008073137518399,7.781800600970417e-07,20
143972554,0.0004603005282186601,0.000513201491363621,0.00037346487760542355,20
44713063,0.0004602636243819125,0.0003140750983132662,1.4134773013400037e-06,20
18477870,0.0004589148584163316,0.0003543992950515081,7.0153963718811695e-06,20
8666804,0.00045835780809793113,0.0006168075249201663,0.0017863461091601693,20
35643639,0.0004569740002850264,0.0002789757532615591,3.021507539290325e-07,20
92983851,0.00045652587951718895,0.001622055608079856,0.11169662051586515,20
25490089,0.00045649015378357305,0.0009390118561708718,0.021271306422216307,20
14034592,0.0004560454840360995,0.00035386181566514753,7.4421935824214754e-06,20
62656820,0.00045576205689138447,0.00044405689059911764,9.996488750521586e-05,20
78899326,0.0004539114163700286,0.0011219495751337823,0.043126784768566004,20
56212930,0.0004536139665933414,0.0011595441189012885,0.04816982558921579,20
65464236,0.0004533549279144955,0.0002831560204884079,4.176346880926303e-07,20
77634764,0.0004529682143453562,0.002574949746611408,0.22057763499697847,20
182413897,0.0004520714294541206,0.0004968402084993217,0.0003271140783079025,20
27692259,0.0004520466242267207,0.0005282808447360721,0.0005690179699945346,20
108759874,0.0004515892820389833,0.0005561872706306276,0.0008890271559630873,20
62345978,0.00045146458771038177,0.0006860480513146108,0.004175279636158799,20
102333283,0.00045087944965460094,0.00045142174559774704,0.00013219969601555563,20
36640907,0.00045012680168080574,0.0004334071923537368,8.834152340362411e-05,20
167594951,0.00045005884697145725,0.00046950013959406577,0.00019901871520573467,20
39901468,0.0004500236036590999,0.0005766419996336929,0.0012247437837264994,20
100745956,0.00044986522373088313,0.0003401543610360495,5.385022429371933e-06,20
166994225,0.0004490629794239143,0.0007201949204066699,0.00585652619208104,20
24083140,0.00044872150344227866,0.0004323624525990492,8.90055579519889e-05,20
31841056,0.00044756492656118917,0.00046730874753441733,0.00020073290002292084,20
89039720,0.0004474841529155726,0.0003796153274682126,2.174603637050307e-05,20
108559380,0.0004474470710412903,0.0012850463280656926,0.0679646249854171,20
194239913,0.00044717878256437247,0.0005605938025113944,0.0010277364035756308,20
55859647,0.00044668071982668646,0.0006083244338852977,0.0019526156057969525,20
8474125,0.0004465135965485423,0.0004080002698460909,5.035736854238031e-05,20
72380743,0.00044630978791621034,0.0005006326343201811,0.00039475879179362274,20
29894645,0.0004461854154307832,0.0019405333522648598,0.15836697993020576,20
75543599,0.00044612230904909065,0.0003889696226005215,2.9808130247710007e-05,20
48546793,0.0004455238368102521,0.0006647572478459857,0.003703346627995209,20
90208883,0.0004442646190624067,0.0004290642074430116,9.120083968635306e-05,20
153195334,0.0004442102001114889,0.0005112480119186382,0.0004973604510118197,20
41059147,0.00044361824369720804,0.00046238513024715876,0.00019735989680604143,20
49797216,0.00044268782756874404,0.00036833964032744674,1.7328701853528072e-05,20
195242436,0.00044220290034697183,0.00042176912331996807,7.995692241386124e-05,20
77996166,0.00044161537591652644,0.0008345224478120605,0.014364907287803609,20
53844253,0.0004412213508270424,0.0004654253647931195,0.00022171910423730495,20
151854967,0.000440902638785623,0.00046191049825019875,0.00020745187700897685,20
5014377,0.0004403789057616181,0.0005305274284562684,0.0007389958877069593,20
60049079,0.0004403482717274032,0.0003827221944697345,2.875136955799354e-05,20
66063457,0.0004402588747515035,0.0011008744927855862,0.04482793535822096,20
116146074,0.00043903457105383127,0.00039047227096235845,3.731482483460603e-05,20
151392542,0.0004378835898782241,0.0005482650622093021,0.0010175089548957977,20
141844088,0.0004373787985878119,0.000896945172597799,0.020988026664665402,20
23087777,0.0004368745651207095,0.0005984146491023558,0.0020374633801615943,20
24359385,0.0004367475291259082,0.000370654748391781,2.184705033168651e-05,20
35098836,0.0004367203318928925,0.00034747934174360974,1.0132680770042915e-05,20
11621846,0.0004365009625806104,0.0007023590641796078,0.005974567539892637,20
48110222,0.00043595657949451193,0.0005375896978214937,0.0008980405253385477,20
87238548,0.00043464364970584036,0.0003702460147678108,2.281304715263915e-05,20
108850315,0.00043449803895999063,0.0005937996132853124,0.0020034844929491665,20
32508735,0.0004342654524166767,0.0012690822726492649,0.07120941832078681,20
154058200,0.00043424147872230814,0.000526912924834717,0.0007852371978458878,20
125344299,0.0004339916418859391,0.0018596774935068054,0.15487042200701645,20
42262927,0.0004339425575745848,0.0014369464109278602,0.0963555988124136,20
68679846,0.0004335023050960507,0.0004737627946174836,0.0003104278929325061,20
168796586,0.000433316762930952,0.0005567134946641267,0.0012507751999070412,20
233891869,0.0004331769336499536,0.0004030634919997624,6.13636892285534e-05,20
89780214,0.0004331084197688018,0.001460502162291133,0.10024781326140482,20
85316978,0.0004326229425348882,0.000545701811490501,0.001080274408304989,20
57095574,0.0004313939055216487,0.0006661174991526417,0.00462716751164879,20
5004098,0.0004313479424353728,0.00037524603151138555,2.9056050405364857e-05,20
9818874,0.00043064052512478137,0.00034825132788555426,1.2336596613328956e-05,20
104198108,0.000430447766552533,0.0005444733015946917,0.0011047629474330058,20
194227860,0.0004303745467680919,0.0007574292498934233,0.009966081176018673,20
38824539,0.0004303016484692612,0.0013893758067653479,0.09104140656540807,20
14622952,0.00042999917277686814,0.0007263780273686617,0.007944598029217542,20
195429151,0.0004299588900573359,0.0008091730874088444,0.014078694148454782,20
13473298,0.00042987037349684896,0.0003738299723546563,2.8940387703132762e-05,20
9879584,0.0004295453101641589,0.0026794000809082985,0.2410643590408696,20
108449587,0.00042923378662901854,0.0005285178941981005,0.0008871399282657597,20
2062397,0.0004291815118963482,0.0004958299052255384,0.0005143672772798004,20
14490966,0.00042859344993147474,0.000570905107610043,0.0016542427498477455,20
143764706,0.0004278745971847686,0.0014765898804284358,0.10526597787319449,20
95508540,0.0004274877529354404,0.0004236494397458774,0.00011912264140116898,20
75705608,0.00042692677402008663,0.0008252067341209239,0.01601992347391023,20
60003107,0.0004248623964502096,0.00046657797499147154,0.00032478553617966275,20
107333314,0.0004248368448963591,0.0003915986200619687,5.540342039414056e-05,20
25722066,0.0004247670328994868,0.00041763076812547484,0.00010980991582705856,20
49,0.00042454010860918935,0.0004606045707507967,0.00028995345959935393,20
44106097,0.000424163115952364,0.0004547233677718589,0.0002589144740505751,20
239698107,0.00042414315792804747,0.0006585516564463109,0.004792206780321699,20
99112196,0.00042374484060685446,0.0006861230386439168,0.006204397738278784,20
88319723,0.0004230642307497312,0.00084472156016482,0.018628972091994607,20
151541300,0.00042305978881334027,0.0004372141319213984,0.00018151903141470994,20
88957967,0.00042203518252380555,0.00022107272753718604,3.148242574139362e-08,20
169274460,0.00042024275744785843,0.0004669479868175541,0.0003619790558689471,20
72,0.00042010240519760875,0.0006541018162992323,0.00487736914712617,20
41442989,0.0004196166273475188,0.0004393944825418937,0.0002064630169818013,20
22680875,0.00041945910301266487,0.000764897793480529,0.012012434654256015,20
33041969,0.0004173690902790794,0.0007522740360039508,0.011309465549853182,20
86113100,0.00041715209645563635,0.00043660630378426557,0.0002055101462749959,20
107333422,0.0004170924719972935,0.0005488813786600127,0.0015078301912332145,20
97128452,0.0004163367114162264,0.0007529422599624642,0.011509308835852584,20
4604030,0.00041605809857951924,0.0008362096021755312,0.019191300671364875,20
25487925,0.0004159420862460017,0.0005635798832115014,0.001880149042294099,20
50274166,0.00041580914763821866,0.0005846649181315722,0.002462094525035422,20
54118205,0.00041366579008607075,0.00035534206804119694,2.513409460323911e-05,20
13823588,0.00041347807243002357,0.0003531533811816608,2.3526174073504215e-05,20
1613232,0.0004128983481061166,0.000564236560557709,0.0020023296102537405,20
38052397,0.0004118189758812618,0.00051962278247859,0.0010830022176941771,20
179009645,0.00041158156156576584,0.0004706227694642438,0.0004693625038618455,20
26689621,0.00041097408094885047,0.000770803795247905,0.01384300662631583,20
125756716,0.00041074087681149953,0.00030352207043923574,4.021840829230208e-06,20
104691552,0.0004106615320547846,0.0005203720752249859,0.00112067046995357,20
75383679,0.00040972607033447627,0.00039792380647799317,9.668064873881468e-05,20
80114169,0.00040831438107585274,0.00044079570263848435,0.00027662286704588693,20
234715693,0.00040820549076537314,0.0004127514282004231,0.00014605992472974173,20
10419433,0.00040762114709735344,0.0006458175149923327,0.005436198780215406,20
125755186,0.0004073034674164644,0.002457852559464788,0.23384690844358197,20
38440653,0.00040701667787400585,0.0006532539213451795,0.005883333897972626,20
83402886,0.00040628825995893126,0.0010273791193664878,0.046510405895150736,20
82089727,0.00040621297461392313,0.0006581843995159139,0.006229808607061681,20
37498210,0.0004060636784512572,0.0005515971551684749,0.0019160123190798365,20
16837500,0.00040524831155189234,0.0007131337904657625,0.00996043658210499,20
98511485,0.00040468004795498057,0.00036855426629043853,4.856052136198531e-05,20
12802174,0.00040454139663375076,0.0005470739184379849,0.0018532874362744392,20
43845802,0.0004039941054138518,0.00127978460963321,0.08709789947052901,20
229311439,0.00040390271175980705,0.0006148563940998306,0.004223291000638961,20
97838947,0.00040388769824328266,0.0005256327772353977,0.0013836938697730122,20
54444750,0.00040350235031485495,0.0003683259818765261,4.980107257963875e-05,20
30897094,0.000403207021929336,0.0008597993864269245,0.024792830746361103,20
114343869,0.00040317312104196643,0.0005771713425274749,0.002794330957702533,20
24033707,0.00040250600047751496,0.00048681024714594456,0.000763926041618006,20
31696488,0.00040214858036616286,0.0004645239442653146,0.0005136333075694064,20
133761167,0.0004020285997277717,0.000800960048091396,0.01844371555877899,20
22038031,0.0004020264991031197,0.0005446927429535787,0.0018793216783845779,20
39742505,0.00040185379174730306,0.00045289143756816467,0.0004119996626585657,20
78947641,0.0004014863723309614,0.0009696470599944427,0.03983662838103436,20
46745778,0.00040104490188461184,0.0006204296541637804,0.00468320577907819,20
235892970,0.000400403546163125,0.00041679036750399306,0.0001948214981516291,20
103134833,0.0004002375781989753,0.0004856972003952993,0.0007858477841352344,20
33852884,0.0003998824340973428,0.0010734590344092575,0.05606263723227136,20
146536229,0.00039955959562578135,0.0006751534308324016,0.007957679502757598,20
53319203,0.0003993080673228344,0.0010434483298093272,0.05164162727264612,20
129959301,0.00039882245052526576,0.0017993040919843143,0.16700645169972023,20
47754416,0.0003980853467865808,0.0009120933831793534,0.03292540548059788,20
117344153,0.0003977166594823889,0.0004150778196878796,0.00019986785484289358,20
43749640,0.0003974658738295833,0.0004900439310680326,0.0008968029973499765,20
64268981,0.00039721748006007476,0.00036614188572309996,5.54063169449412e-05,20
77084891,0.0003969286134945238,0.0006709756664537637,0.007975738025449246,20
30653642,0.0003968523903926435,0.0006114222902097283,0.004562155807238414,20
115320374,0.00039661855244216835,0.0010573479209438378,0.05490672601733883,20
40084797,0.0003956953241347594,0.0019943173161826016,0.1929998656813488,20
51865608,0.00039563095288679405,0.0004037952816916677,0.00016039404245927019,20
37678814,0.0003952066749455585,0.0005904378168381988,0.003735013835275206,20
16673941,0.0003951371510927837,0.0005718335287326302,0.0030123154457715306,20
131481649,0.00039502277493770334,0.000566127935172223,0.0028159023627919414,20
48468977,0.0003947445136647909,0.0009882034866006606,0.044999376913908984,20
75365693,0.0003944832547895627,0.0006076230941357408,0.004555018587700151,20
36239095,0.0003941205366986167,0.0006730658591996781,0.008448230513987472,20
13822305,0.0003940462536024036,0.0007324532485771804,0.013238279570022394,20
76418554,0.00039388320296023237,0.0005045680639100831,0.001222096218461287,20
45050208,0.0003938436376996479,0.0006465248922258184,0.006731997856290572,20
130959296,0.00039270803824598133,0.0004690744502459011,0.0006872354182223179,20
64222962,0.0003926313288022565,0.00037929936407893203,9.145759375843989e-05,20
9067655,0.00039255488957851137,0.0004254253189573419,0.0002869108202035816,20
76306660,0.0003920286209282087,0.00048044322904211047,0.0008532337972529179,20
19627032,0.0003919352743106452,0.0006709499231097703,0.008562902872719647,20
73283537,0.0003918905282585816,0.0006658249555830914,0.008207646549865815,20
38481736,0.0003914034288615975,0.0004125715854734315,0.00022015055492187948,20
73592195,0.0003911917777087437,0.0005197053251806513,0.0016212885098823052,20
237495929,0.000390633151415154,0.000660033579668494,0.007955185322142943,20
59543909,0.000390073170910199,0.00038282784576709663,0.00010778296413089218,20
58683619,0.0003894273899878786,0.0007457702493331244,0.015324541939022513,20
50392394,0.0003894015120180894,0.0005905446177218993,0.0041209375724781385,20
94081674,0.00038935938532156376,0.0006574654787029451,0.0079266643176865,20
11469503,0.00038934700298986493,0.00044477512127574494,0.0004653865705472619,20
23958266,0.0003883340607496066,0.000543178890819497,0.0023716300428196714,20
24297094,0.00038697969278400635,0.0003819460809511964,0.00011424872248370906,20
3014452,0.0003869271190404533,0.0014838543572922073,0.12899272767854572,20
97147587,0.00038661801429981657,0.00045927976126223423,0.0006557667097805176,20
55450271,0.0003864725840056871,0.000357043071363917,5.678517759267534e-05,20
75104487,0.00038504198091702244,0.0007065338823168197,0.012402312335818417,20
3265414,0.0003829076511151552,0.00048458796692310406,0.0011093157535272814,20
112500934,0.00038225604094918044,0.0004750604611942588,0.0009575042211579878,20
45952352,0.00038195402420246327,0.0005127607414331655,0.0017544906789107506,20
6467472,0.0003818377162134845,0.00035927091512599866,6.917233182423159e-05,20
33913636,0.00038179572342289525,0.0016494903762570583,0.15680135401800063,20
11620386,0.0003817582877263581,0.0011186239774629134,0.07171406684028295,20
21034095,0.00038148161083857436,0.0004279130201760816,0.0003947517421120263,20
10280102,0.00038134879936019825,0.000507055989893615,0.0016317092053253174,20
21280306,0.00038086781537591263,0.0003775289600051554,0.00011938414521465525,20
140795752,0.000380791481883519,0.0005222002655103477,0.0020549021404910953,20
56759884,0.0003803056376643188,0.0004578818194374773,0.000735249699840527,20
76884757,0.000380075036254357,0.0004454154724486623,0.0005830684458980363,20
24839712,0.00037978451228195544,0.0005611749797316672,0.0034702007333196026,20
176806198,0.00037951352754433954,0.00042521460571524883,0.0003906239780577747,20
8270510,0.00037948915481350045,0.0005003554959453425,0.0015302037920941042,20
87713999,0.00037853701429114707,0.00033804353856486155,3.9059906970360794e-05,20
108740598,0.0003785314001323647,0.0003574347685126971,7.18659928610031e-05,20
188623141,0.0003784420134769928,0.0007046899787446579,0.013355604977068612,20
38902912,0.0003782858166331782,0.0003734869476017284,0.00011463172159298843,20
20114150,0.0003782814594721351,0.00043038160239301283,0.0004487442965181554,20
67550429,0.0003777786762747981,0.0004398749044985315,0.0005510738238719958,20
129566665,0.00037741286306008925,0.0005270014667016824,0.00234272995079238,20
154977929,0.0003773862277989204,0.0004998215732530761,0.0015836686283222877,20
98949400,0.000377298723559355,0.001237221301715843,0.09428442785378321,20
149974934,0.00037728409402784104,0.0011781223836828689,0.08417181254874455,20
105494612,0.00037688514153487175,0.00075857553105927,0.019316737744724068,20
59202435,0.00037625179962500475,0.0006451663264172371,0.008642137975041203,20
21114700,0.00037588684242954027,0.0005913839506893208,0.005205682010745383,20
101053338,0.00037582777518584967,0.0005289186083021287,0.002477761611062896,20
45206748,0.0003747006968233657,0.0007288421160888876,0.01650524111019023,20
18282518,0.0003743617527281251,0.00044017417624727854,0.0006000914054630549,20
135476121,0.0003741531623436711,0.00040622941456149524,0.0002919223693819181,20
164668038,0.0003740155465229322,0.0004430270202357716,0.0006396708635477853,20
163791070,0.0003735643044238124,0.0004858422596689243,0.0013764723983908215,20
30696092,0.00037278762583766166,0.0005650067557213303,0.004104735005459307,20
138031907,0.00037228426916869337,0.000560957875523806,0.003951063623137317,20
11682040,0.0003717965783020916,0.0006261746803757321,0.007809916014053602,20
40144674,0.00037165912397820746,0.0004561544405043132,0.0008637859466133135,20
234115450,0.00037143654934694293,0.0005080602880509909,0.002016375437265414,20
65,0.00037105966123934244,0.000492223327858852,0.0016029537635406082,20
76745532,0.00037096252459544176,0.0027186976817765653,0.27447405818069337,20
86,0.0003700081841396252,0.000685624398231179,0.013032185232313696,20
1262966,0.0003695619713785403,0.0003737841856949882,0.00014647942308853383,20
23683317,0.00036948345068166797,0.0002269546462140316,3.2978658430319935e-07,20
179209174,0.00036901429666235666,0.00045232652056007917,0.0008546154212803226,20
47868272,0.0003682109580723958,0.000649951303027537,0.010126266175035955,20
77107794,0.0003671741336298828,0.0006572746000106951,0.010909803575595884,20
30337208,0.0003669041021989894,0.0003796619196924877,0.00018380563936656248,20
94,0.00036665560471719203,0.00046472086644029246,0.0011228210082962838,20
47252263,0.0003665811716343392,0.0005226679636188298,0.002716398169180009,20
39708578,0.00036630844197595993,0.000655342100717423,0.010876294780304118,20
2417580,0.000365874833407559,0.000418503845610096,0.0004708116130422617,20
14422868,0.0003658447031419709,0.0003769019771964723,0.00017599200854499184,20
149374381,0.00036571168365725495,0.00040315835896789786,0.000336522429829886,20
36715788,0.00036530095161292907,0.0004961840938582301,0.001914840423277682,20
41664204,0.00036516648500790617,0.0005506806100352043,0.003972182854839218,20
79490504,0.00036502352600841225,0.0005809108302225523,0.005587116975265096,20
175607946,0.00036468943890055063,0.0004469570052446164,0.0008535319822233166,20
99,0.0003640137973803026,0.0006591754474292571,0.011587452007716907,20
7067761,0.0003638046286334351,0.0005015944665930961,0.00213726388638074,20
27887315,0.0003638018739894888,0.0003266292270830235,4.146435547883304e-05,20
102352552,0.000363600351336274,0.0004842595235003789,0.001652380366328238,20
7266268,0.00036334557802272793,0.0010017500506379722,0.06063010241542364,20
74360542,0.00036333419348485443,0.0009097214651087876,0.0450240288114533,20
50549476,0.0003631963957128559,0.0008828779653038143,0.04074239799223511,20
165806965,0.00036314084492108933,0.0006706682856285608,0.012815857031365462,20
35277253,0.0003630268879221021,0.0007455454029201687,0.021121127893044107,20
53209979,0.00036282705892062286,0.000393018376840904,0.000285608058894211,20
67085896,0.0003625726699331755,0.0004468476530026602,0.0008938955209905554,20
23526894,0.00036248510688498546,0.0007967329967270674,0.02804108180542037,20
57259991,0.0003619328171680314,0.000535721389258326,0.003510625489996943,20
50655182,0.0003613407795096002,0.0004114392125600656,0.00045200239438713977,20
43065679,0.0003612633255539732,0.0008787987944125443,0.04084167436193034,20
24089328,0.00036090947267430895,0.0005932852046091815,0.006787318486830007,20
217299345,0.0003608768423344788,0.0029977265766480093,0.2982860531678726,20
67072283,0.0003607425529671748,0.00040560893619519907,0.00040334573399199804,20
50671370,0.0003606382931485186,0.00038667833788787984,0.0002592758323263716,20
104154456,0.00036060246348295635,0.0006663670551117889,0.01285348689719835,20
54063914,0.000358394432048148,0.00082623545421837,0.03369339576292236,20
134963862,0.0003578106130950942,0.00042222111509481776,0.0006189853169888339,20
41902613,0.00035778409460157645,0.0005370617164841815,0.003853500555011081,20
95939767,0.00035699227363619745,0.0003669419260756779,0.00017205511284272735,20
6404727,0.00035692535012213367,0.00041203420743771385,0.00051086172878578,20
94143826,0.00035690502732135256,0.0006661810009645053,0.013516232567058993,20
140631272,0.0003564780505426968,0.0003151895640354013,3.4929207422616135e-05,20
63453139,0.00035633549321418265,0.0004013818948966261,0.0004100488213995652,20
166607746,0.000355803807479238,0.00038096574329950466,0.0002558714810780543,20
32493682,0.0003554193738402045,0.0004462124281963221,0.0010399564924526432,20
236316575,0.000355110302599021,0.0004013731940176113,0.0004229538457352562,20
15873407,0.0003548540154406643,0.0007295861535008968,0.02122585735036452,20
123862278,0.0003541844041608344,0.0004718074970638238,0.0016547338721929173,20
27,0.00035405185127562744,0.00033977919599972417,8.533265571569843e-05,20
149790645,0.00035351499693802023,0.003324796343189214,0.3199230273705377,20
54210731,0.0003533550880724989,0.00035458346731118606,0.00013527356432865083,20
50070303,0.0003531133962967059,0.0009774153638833925,0.061325707782401595,20
139359410,0.0003520049684830384,0.0007068704124349551,0.019117706050633367,20
2211865,0.00035085670601845976,0.0004046046165568469,0.0005061477772386799,20
84122965,0.0003504393274668005,0.0003684078181886442,0.0002145342933770952,20
89711694,0.00034989632589532693,0.0004298497416490947,0.0008705786106813495,20
48754129,0.0003498556820408616,0.0005925800052606371,0.008066133056444585,20
47531794,0.0003497854600406358,0.00037858576975315615,0.0002834420048067089,20
188220110,0.0003496643369172769,0.0004755551545694183,0.0019331395634995144,20
83870522,0.00034920720363499356,0.0007537201205092012,0.026059780412111964,20
106535402,0.0003491311451578327,0.000644306220018992,0.012766890903982796,20
53357042,0.0003490312985859889,0.0004625951889966219,0.0015922528537373444,20
97632245,0.0003488001173665545,0.0005085217136336864,0.003168892463761042,20
134363401,0.00034879216404258285,0.0005000475962307866,0.002822780522732678,20
125356463,0.00034748871047050043,0.0006021359472584856,0.009159116393709197,20
105957432,0.0003474100826649673,0.0006557036312309102,0.014279432299935722,20
180488260,0.0003471715172196022,0.0004979488891793707,0.002831662626766177,20
4213696,0.0003466799704763601,0.0005877427447951796,0.008108313187241775,20
80370073,0.0003461028166797553,0.0006707703279162142,0.01622403932213097,20
40259864,0.0003460878539845724,0.0006286255434554926,0.011771506911499698,20
123926310,0.00034565637070642087,0.0005354518842995948,0.004722787061188817,20
59002054,0.0003450172293249787,0.00036924268495485465,0.0002547270569373412,20
124126358,0.0003449806375051989,0.0009990294856169854,0.06950442068400559,20
1012890,0.0003447935441865058,0.0004311369565436715,0.0010066046953033682,20
25465028,0.00034469761233147376,0.0016327944627973676,0.17848308162201187,20
58269168,0.00034466979777662555,0.000881185230686523,0.048192310262517364,20
109560911,0.000344310298920264,0.0005043313289721453,0.003271450193811525,20
75017703,0.00034417037866830703,0.000506827404752755,0.003391838479228484,20
15842373,0.0003441349672021865,0.000438716825115607,0.0011761254026574507,20
81312810,0.00034391872983747797,0.0003297025381990452,8.437875814696589e-05,20
114968431,0.0003438938360584676,0.0004931266557453163,0.002826830662955804,20
59324873,0.00034380684237934054,0.0005720818024493315,0.007286201292149025,20
10600605,0.0003437770404971341,0.0010616973627743703,0.08194873455121958,20
125984547,0.0003436203495861045,0.0007666963349094028,0.02974931475816554,20
9845979,0.0003435206402933988,0.0003180624535818789,5.8161933182087215e-05,20
18827165,0.00034339875868418803,0.0003977389108407754,0.0005260805853202732,20
39575264,0.00034266275924842995,0.00041071004957725306,0.0007077211671108847,20
76096927,0.0003419997548215037,0.0003028609605320408,3.554909827042502e-05,20
173814815,0.0003407509505978512,0.00045253885304774057,0.0016170732628668838,20
75,0.00034048587949533915,0.0004369525645989783,0.0012396525433228639,20
82151758,0.0003400618938710021,0.0005204887782155394,0.004373785880479226,20
25463606,0.0003399009128523367,0.00038282443276683407,0.0004096090746806842,20
13440596,0.00033967261505651327,0.0003849266482512972,0.00043302603239483734,20
240120918,0.0003394993281751191,0.001067283061906051,0.08553567907888322,20
101533066,0.0003394683717068414,0.0002778413932481372,1.4250251793531745e-05,20
89531508,0.00033891678822442484,0.0033672885608858408,0.3288589766748635,20
102690883,0.00033872460774313494,0.0006044105707064025,0.010727176712165842,20
87775507,0.0003385449706815036,0.0018557210240268997,0.21234380748728338,20
22757035,0.00033849140965623304,0.000605213756472381,0.010842024197182594,20
660901,0.00033811709747716965,0.0006953888403684324,0.0212544099185565,20
32094593,0.00033785439394816706,0.00045114076279062693,0.0016852153102646533,20
153142708,0.00033742371210589985,0.000732452510512253,0.026671132161746745,20
103928123,0.00033736748122703,0.0006101560505203377,0.011512163920292117,20
233715170,0.0003372904585025316,0.00024073070077417508,2.5643276950844263e-06,20
98949206,0.0003368794227250838,0.0007110137468359513,0.023749506496126015,20
6065807,0.00033672980596810564,0.0010862499207562645,0.09085023431431864,20
111726462,0.000336714593052756,0.0003886784828619948,0.0005105774959069069,20
57267406,0.00033667216538059154,0.0006455536567770607,0.0154175402241657,20
41227042,0.00033662009889587894,0.0004131649285820383,0.0008640549641343548,20
21866825,0.000336572659519313,0.0003327319995444986,0.0001161601440439463,20
73101763,0.00033634036728336645,0.00039516657743210524,0.0005961219048672929,20
26665768,0.00033629750123693737,0.0003210029626813374,8.06067516118216e-05,20
149579457,0.0003361080102867953,0.00038501781656445356,0.00047699520961505667,20
71700124,0.00033480220623105517,0.0005119420806661742,0.004346592887273776,20
75794739,0.00033343651973244957,0.0004913153278552564,0.003405579135198419,20
63462365,0.00033337807422062493,0.0006868045596893004,0.021411931773201394,20
60197,0.0003329791266197146,0.0013684075502926906,0.14505496409977986,20
110846248,0.00033292193519999234,0.00034809630178052277,0.00020349801420440684,20
114149364,0.00033281794533726594,0.0003732405372231003,0.00039392618164281397,20
174680410,0.0003325650741679287,0.0005196103431538661,0.004985162910529402,20
68880077,0.0003325235654113967,0.0004669025625809607,0.002437599601325296,20
26842824,0.00033152623779822974,0.0005570324012328033,0.007705113261665775,20
8873271,0.000331254079569715,0.0007095773442094944,0.0252625065353323,20
176205664,0.00033097035915086723,0.00043150583631653853,0.001403043941711294,20
122552373,0.0003307310901061844,0.0002386166057472006,2.9529811527441927e-06,20
149774878,0.0003304843866684559,0.0004139632482596845,0.0010209185184652685,20
34498398,0.0003287375773927348,0.0005171166334865519,0.0052002265789175195,20
12222136,0.00032872818212449363,0.0005788195283884803,0.009992146223892008,20
29288585,0.0003286498822960227,0.0018151846233630993,0.21406678532164236,20
20479899,0.0003285636660938118,0.0004090741750360101,0.0009718196658028671,20
7416261,0.00032798831586682844,0.0004025780791170556,0.0008641927235951849,20
119469919,0.00032793245032306515,0.00036412897603171315,0.00035970644193147785,20
59459249,0.0003279218881840296,0.0003072460034886259,6.611935011630587e-05,20
108334471,0.0003271056699128416,0.001472375267776776,0.16646663899754405,20
43147279,0.0003270227384009894,0.0021528872333685914,0.2525650318943513,20
12629415,0.00032635185926098155,0.0002595825621784648,1.009402959651618e-05,20
109760964,0.0003258488207377175,0.0006590837801281803,0.01974692780924582,20
72660154,0.00032542739057267456,0.0004837345642417892,0.0036115516540856005,20
70836212,0.0003254151630296742,0.0010567015494515365,0.09222847107851616,20
142370884,0.0003248103660052293,0.0007561627716366328,0.03493199248627938,20
17232981,0.00032451381842166227,0.0005345378427389965,0.00686858125306654,20
73260377,0.0003240458605307084,0.00040889366073951065,0.0010834454999788883,20
47450638,0.0003237913538264747,0.0003901028571462477,0.0007394647905757805,20
157784255,0.0003237649029567802,0.0007672011752535001,0.03724836791988801,20
58697623,0.0003230367360065378,0.0004652990701604926,0.002916137662272492,20
127958041,0.00032274935739063927,0.0005269025813902841,0.006515915527626855,20
184817655,0.0003227488486126695,0.0008734000605763923,0.057421372952595084,20
4013687,0.0003225840260391355,0.0004927286516354509,0.0043165447264174,20
99591911,0.00032201683410449375,0.00043036636228693543,0.001696313398300716,20
100841893,0.0003216182389530975,0.00037706972416955766,0.0005852361156981218,20
89006917,0.0003205987136867594,0.00038037438679502033,0.000648722392425418,20
11227687,0.00031919041555197316,0.00035391242570053294,0.00035497320399659264,20
48252930,0.00031918562480718894,0.000411391144673225,0.0012826168124565574,20
134962869,0.00031802453753420056,0.0003838682854713615,0.0007511843749729691,20
98525695,0.0003180119150042515,0.0005173537649189321,0.006381649448823306,20
69888173,0.00031740893396534076,0.001457782252458908,0.1712111190447187,20
53338761,0.00031723547098015393,0.0003934808536672036,0.0009422205306922505,20
23081138,0.00031717087288956616,0.00029774642535349477,6.750265356827813e-05,20
199433743,0.0003169345877081786,0.0017294749622070627,0.21132001854988686,20
50155353,0.00031676903683681144,0.00038294598731128534,0.0007610759131384228,20
50958127,0.000316722388758639,0.0007776456366734001,0.04216290941943493,20
31644947,0.0003165588718719192,0.0004958183829723567,0.0050624269414789435,20
24834126,0.0003160871009885768,0.0005431975668960493,0.008748822479894813,20
116746204,0.0003160450489017808,0.0003606006324545051,0.00046036907246033,20
152193359,0.0003159890071103455,0.00022887397389533494,3.1068516971268714e-06,20
94944307,0.0003159889888964096,0.0004917635971048324,0.004862835902778107,20
84671390,0.00031587321421550074,0.00034910903071223214,0.00034458694690074447,20
41546395,0.0003156231116928143,0.0003152940085997133,0.00012921980667900902,20
91502407,0.0003155345359966977,0.0008127073199676096,0.04934819798869495,20
23825734,0.0003154451035448702,0.0003099463582749973,0.0001090850193199896,20
32298995,0.00031539603371762425,0.000527899643927879,0.007537374450167533,20
184628013,0.0003151121196544704,0.0003323915164074573,0.0002216761500639019,20
154395994,0.00031502807463290594,0.00029256404019921834,6.0098366260466434e-05,20
143485023,0.00031467627580424317,0.0005424613425253024,0.00890130516999357,20
200451440,0.00031402157360230774,0.0007559168127387666,0.03938182603127912,20
203055522,0.0003139844723758223,0.0004741668723759423,0.00400911327037614,20
112542699,0.000313672537728199,0.0006571440047342509,0.02301584002469315,20
58815947,0.0003130043501834934,0.0005789060303352669,0.01290927987481863,20
81301664,0.0003122416703739084,0.0002715177948713659,2.891820900695713e-05,20
1,0.000311230302116916,0.0003460400167198172,0.0003641008090700969,20
139768538,0.000311214174990887,0.0004894917476736752,0.0051962709875041065,20
13834572,0.00031089127197341806,0.00038572405786909547,0.0009444715512711167,20
113143240,0.00031089119236674123,0.00045325527254320286,0.003168970469413109,20
11427832,0.00031077244356608193,0.0006409548914307225,0.021517056446896873,20
139864762,0.000310674115810583,0.0005005182941742731,0.006019666899508988,20
96922939,0.0003101333899391656,0.0009047811062487126,0.07088886262250715,20
63067394,0.0003099783031345782,0.0005783608408842997,0.013489592412218821,20
65023739,0.00030960090949776474,0.0005020539293987004,0.0062603143204485,20
3462780,0.0003095494441648694,0.0003617602556504138,0.0005691231746804716,20
20445568,0.0003095329616925879,0.0006986012035258902,0.031096947292570006,20
91894452,0.00030934924398708373,0.0006125461157650376,0.01793286630893587,20
53,0.00030917937145073516,0.0003707410771986982,0.00071038482625712,20
57067275,0.00030911563766578,0.000770146639668651,0.044290193075619724,20
57122780,0.0003088057464584182,0.0005068436843065123,0.0067253565390437905,20
1062638,0.0003087623154761243,0.0005126059855376222,0.007191073690157579,20
163466299,0.00030783453121941415,0.0005509897817002642,0.01090338185178444,20
85272044,0.00030758735490709065,0.0006878041921570984,0.0300040610973877,20
34653927,0.00030750033889118675,0.00022746539695340108,4.075236091005494e-06,20
92182752,0.0003065518400164946,0.00029360575520700073,8.355152249964458e-05,20
82821908,0.00030629512129449197,0.0005584619807995443,0.012003874579637704,20
52738399,0.0003061621268136361,0.0004603715369391238,0.0038977629937311797,20
184428002,0.0003061188761868228,0.0010074189742124077,0.09504253511252118,20
100653020,0.00030447101023103884,0.00040037282586865316,0.0014991122908015865,20
157184238,0.00030434768950058364,0.0004237557882761741,0.002294747607524767,20
195427028,0.00030414378677295353,0.0003461510607116876,0.00045011991882129495,20
65507605,0.0003033911046870619,0.00037167587461875055,0.0008505796319281748,20
154458324,0.00030330588005336723,0.0009007017385196574,0.07426058240732171,20
65294331,0.0003026773240559222,0.00022575503966871973,4.528462657712797e-06,20
39258742,0.00030191903051939305,0.00048310589577901,0.0057758828230805226,20
47888261,0.00030139512200132445,0.0006431003777653569,0.02485770564515083,20
39520759,0.00030120872094637207,0.0003845133036235586,0.0011888713924729827,20
76018396,0.0003011502652838227,0.0004816894738844027,0.005762303336486736,20
18677882,0.0003010097694633285,0.0003095556034919138,0.00017291853750060095,20
860945,0.0003008525165544396,0.0013023838696330512,0.15727126111401785,20
96483140,0.00030077483272763497,0.00042314268779129895,0.0024714914558188156,20
11071463,0.0003000965311618253,0.0017419789361808498,0.22525962847745845,20
39975283,0.00029925192099391487,0.00027802973482345795,6.0372535731260004e-05,20
99750697,0.0002988495137559166,0.0006275553686224795,0.02324557375891389,20
43104383,0.0002987912039684792,0.0007372426556247583,0.04287303936464149,20
41082022,0.00029877112847415674,0.0007100767111275017,0.03764470141299195,20
92924687,0.00029849836374315486,0.00046434571224331816,0.004849802677289706,20
90722253,0.00029803846083962805,0.00039434681997845206,0.0015719377481593609,20
30289511,0.000297898067189456,0.0006234729544377536,0.022918093787659105,20
118522665,0.00029785509743584517,0.00043767136548312975,0.003342461053584508,20
33837977,0.0002976934859656055,0.0009749603004694243,0.09401999668398968,20
113127618,0.00029752129220136925,0.00038777067419023544,0.0013995182396130698,20
101927667,0.0002973692623354174,0.00041138538451662487,0.0021904697308090114,20
91513690,0.0002972330475637441,0.002815658348816912,0.3211168473330579,20
69478832,0.00029721413477731275,0.0002398028236024726,1.2001054444741293e-05,20
75343496,0.00029667655314780106,0.00038716307868719944,0.0014134431877342655,20
89178867,0.00029606095113747787,0.00048207280639843306,0.006415634538161287,20
30615057,0.00029594141448747167,0.0005168679090353033,0.009562013443545963,20
108735332,0.00029570702472773156,0.0004405864202680934,0.0036682534624102856,20
19080614,0.0002949398714033713,0.00040855839356058056,0.002211343880950961,20
79169265,0.0002949279460229659,0.00024855131309033633,2.0135184976842562e-05,20
115027462,0.0002948109823306233,0.0003044195496208937,0.00018002719866577172,20
105893925,0.00029478618041798297,0.0003596017062188666,0.0008209645272604717,20
97346990,0.0002945296004407183,0.00031329833412946427,0.00024033113296795426,20
32367771,0.00029431831107095687,0.00026252126857981425,3.854324610510367e-05,20
8399282,0.00029421828014924436,0.0004061886575327831,0.0021579195784787414,20
139594314,0.00029419611438190606,0.0004073255022244546,0.0022033850644661524,20
148372814,0.00029413706023904697,0.0013012284373803854,0.16238119710438853,20
44845008,0.00029376278325012327,0.00031074174867225436,0.00022776040049256755,20
21117655,0.000293485789974024,0.0004356579635611554,0.003578725102304385,20
37480553,0.000293472649318155,0.0002794180379390164,7.847610008610386e-05,20
40945786,0.00029304426263103146,0.00069873957898558,0.03808346291937218,20
101527484,0.0002927967929943598,0.0004588904187984548,0.0050824615850030945,20
151975094,0.00029271811449798626,0.0005497556500242314,0.01393640417426332,20
56554823,0.0002927042860977447,0.0007580615144799521,0.0502142697374474,20
1662112,0.00029257368889579747,0.0006600938393583113,0.031055231534926873,20
4616238,0.0002922778525619729,0.0007359406705531935,0.04586688355439922,20
149990652,0.00029226492369600063,0.00026994850700910565,5.664644632892413e-05,20
50734926,0.0002921837863238463,0.00043961184963841357,0.00391290475945525,20
91079310,0.0002921763401651345,0.000285171076403312,0.00010179796243416524,20
60945015,0.00029215783074780234,0.00041295040249878043,0.0025550803437743496,20
13276550,0.0002919506491812496,0.0006531283458709747,0.03005581634137963,20
10208745,0.00029168239649129957,0.0005037754721505615,0.00899488058759865,20
10067972,0.0002910478587813181,0.0006030884822457463,0.02195774741700714,20
47646620,0.0002910083456330481,0.000290500513140877,0.00012829901025194424,20
99926425,0.000290933175917224,0.0004391786819215624,0.003998559906558422,20
58469275,0.00029078561958462146,0.0005102546882830541,0.009808699307392907,20
90678396,0.00029064950222568164,0.00034225821542423424,0.0006079480759050773,20
114664651,0.00029013808530678475,0.0004275168167048617,0.003405648497158855,20
59848979,0.0002900065707482025,0.00046587953240741307,0.005915924085185961,20
24294074,0.00028893922813614246,0.00038754037441716233,0.0017425875707596757,20
5204196,0.0002880357004360734,0.00030096594952890943,0.00020219568578464536,20
17481948,0.00028790298040008987,0.0005703108154579102,0.017966249600553166,20
41,0.00028775682175343766,0.0006114858863148111,0.02443709801108354,20
169810416,0.00028771509691735697,0.00047829056004173004,0.0072460244929210245,20
24287468,0.0002877139040509402,0.0004040939379753747,0.0024423146881358804,20
40848312,0.0002876935570425232,0.0008955363874703905,0.08353518207909041,20
186618623,0.00028748680724111075,0.00035759774124152934,0.0009644267173006721,20
102037882,0.0002871221824563175,0.0006360414317178006,0.028922468409388974,20
213495380,0.0002866622323584922,0.00027345128531003235,8.006670050532514e-05,20
30039437,0.0002857308564609085,0.0005019820641012561,0.009871965796394782,20
28732394,0.00028524258359303165,0.00040481347057699107,0.0026292710049490844,20
104639372,0.00028520248732856744,0.0002999706153396905,0.0002155396213602708,20
42650857,0.0002851617115469107,0.00034887116583133293,0.0008410570249203121,20
26836683,0.00028497775254437974,0.00030881736221370203,0.00028671054458929724,20
7806529,0.0002842549177461018,0.00033818967370318604,0.0006643380868766573,20
86438207,0.0002841157156045104,0.0005706515965238486,0.019134542399959372,20
132193488,0.00028409805779017747,0.0006583622192733101,0.034347982174299456,20
51064729,0.0002839493431998685,0.0007443475698321129,0.052150542318584264,20
73083529,0.0002837347513307942,0.00038015843124512914,0.001728799842619498,20
122377350,0.00028361493984223053,0.00038471233203254355,0.0018957958918629965,20
84603492,0.0002823440854753778,0.0003865447758283869,0.0020297474206599215,20
29652675,0.0002822232738241226,0.0005397810493092018,0.015230734174830618,20
38343489,0.00028206460650692655,0.00031074455613282903,0.00033450402718017446,20
172002431,0.00028152338832774235,0.00028470366484091634,0.0001462928370635928,20
186821353,0.0002813874284802398,0.0003358510240247894,0.0006827884382775932,20
36372118,0.0002810558748916836,0.0007043427262672304,0.04515761822474946,20
56646809,0.0002808077222750505,0.00024098476911967617,2.4857774358338667e-05,20
51756362,0.0002805357284543064,0.0010218354051982866,0.11726099582062244,20
33041953,0.00028049182066549607,0.0003204086685278728,0.00046519884522173944,20
63947008,0.00027985467315506664,0.0004914185733787558,0.009845977956175945,20
75840556,0.00027972105882243523,0.0003225965144535256,0.0005064931994650891,20
235316185,0.0002794710001269296,0.000659568580154816,0.036711657035569153,20
21481585,0.0002791353941668684,0.00032608960130261827,0.0005671937718745721,20
151174295,0.00027882405833735133,0.00044355894257182266,0.005573924403919412,20
32093215,0.0002787682091893673,0.00041476613331146647,0.0036341706097726047,20
54921080,0.0002787417626229138,0.0004325769382039634,0.004777161353319094,20
190422067,0.0002784488933618379,0.00043124934544843177,0.0047163865563272095,20
25607984,0.00027837372279603255,0.000556406995555747,0.01871824952927972,20
91256579,0.00027824618261227394,0.00039965510468706225,0.0028596964890738735,20
14290821,0.00027808391287612586,0.0004333544385154785,0.004904101888379344,20
107848919,0.00027807294924629965,0.0004287465717945864,0.004584290771172514,20
135028674,0.00027802412997584013,0.0003244146302970382,0.0005614655337314238,20
114929512,0.00027782293749114005,0.00028296408888621124,0.00015708357186244534,20
107006216,0.00027777610441074294,0.0004076712690440812,0.0033150938946500154,20
74293223,0.00027757099431306996,0.0006097072445658469,0.027970387335901205,20
98110987,0.0002772127580470907,0.0004672177817032028,0.007842369855544496,20
412299,0.00027719077428846605,0.0005014467243924067,0.011527086022107311,20
66864745,0.0002771849891221367,0.00046087331384615565,0.007254027015656126,20
131656626,0.000276950659127434,0.0003715543903025225,0.0017458966883692351,20
864933,0.00027668582034584,0.0006523333842787744,0.036577778391427396,20
67065432,0.000276354174585286,0.00037680287958145046,0.0019696318598411474,20
173679727,0.00027593226034783314,0.0004649790197518854,0.007834630850811338,20
9411410,0.0002755435967873865,0.00032271295012276037,0.0005799195633720836,20
29701836,0.0002751078249592531,0.0009091739860708765,0.09593278524283735,20
93515485,0.0002747644984514297,0.00040391916497098016,0.0033523955882955457,20
74904353,0.0002745864509876905,0.002504028072438946,0.3147313732994035,20
100713770,0.00027441881753799137,0.0005506078354395691,0.01904582274021945,20
84491522,0.0002739353263546518,0.0006684310205373593,0.04127843968689285,20
92117116,0.000273748010245517,0.0003604017422878104,0.0015129014128521239,20
22061952,0.00027361570139483593,0.00025642055339138425,6.627656077202039e-05,20
39143884,0.00027322970465840644,0.00042905099055949174,0.005144031567847796,20
213667581,0.0002729565608114826,0.0003035281254684401,0.00036457056684348875,20
11075017,0.00027283753064997194,0.0002859992767613016,0.00020859660412510684,20
26668246,0.00027269663174079304,0.000415514745616939,0.004249153193260086,20
115208843,0.00027256598769083705,0.0004574760693326691,0.007657962739699903,20
3062242,0.00027252765846922376,0.00046721275133245323,0.008632276607813159,20
50455148,0.0002719586005541563,0.00046651823015380576,0.008661299047334927,20
44846794,0.0002717009459261621,0.0013963632141425159,0.1975323280015221,20
89379594,0.00027163580361130315,0.0003367914419915664,0.0009392373400320234,20
203256036,0.0002716356064842995,0.0005361797923551389,0.017674836315850845,20
36533889,0.0002714817391473445,0.00045743966252522795,0.007830758537102807,20
62056082,0.00027142816617747314,0.0003944811337636337,0.00310170173609367,20
67951150,0.00027098999662192313,0.0006477988659735493,0.03842804139232618,20
129747902,0.0002700601828160065,0.00035370442736912407,0.0014535461471902023,20
211877,0.0002697967557874048,0.0005754400680779007,0.024815193566754438,20
76296932,0.00026918491440358074,0.00037766418251662843,0.0024236681488681885,20
33619080,0.00026913939078782034,0.0003616706975061049,0.0017676584414871058,20
84291241,0.000268884486843568,0.00031955067811559486,0.0006580889009570228,20
8819643,0.00026886945828762945,0.00037886998029632306,0.002500120814220989,20
23289151,0.00026886874191738296,0.0005632390764550707,0.02300871777787072,20
74416842,0.00026880610418953955,0.0003440440066892859,0.0012137090975572935,20
54664458,0.00026850904004556143,0.0003787278964020032,0.002517333595595121,20
71413483,0.0002679538993578312,0.00035870308485485983,0.0017175267665602374,20
117810312,0.0002678869390865202,0.0004522588198672259,0.00791766611910116,20
185217762,0.000267823195733069,0.00044656485473205465,0.007373330297157495,20
99303977,0.000267163869548509,0.0004065689256045058,0.00421445433981258,20
116253765,0.0002670719556588208,0.00048392373685190353,0.011624224122207516,20
159801253,0.00026663053730173193,0.0005566443843231536,0.022675693435172183,20
109653323,0.0002662737123808101,0.0006274396646831457,0.03650525810673834,20
144134928,0.00026606883159324137,0.0005269735365754292,0.0179528232734027,20
33447549,0.00026547515397078446,0.000606611735121342,0.03259176236769305,20
202854721,0.00026547401244857995,0.0002932150529300806,0.0003425097685410383,20
93,0.00026490695710256753,0.0006661481954792454,0.045669784321372656,20
149691859,0.0002647128978733093,0.00037397555964904165,0.002546253706644968,20
234492040,0.00026464735650445493,0.00032002641831756814,0.0007629024408041005,20
70978662,0.0002645796078569962,0.0005790405445269222,0.02756325646176943,20
460466,0.0002638395494406032,0.0007513263948795338,0.06640648965313242,20
29438655,0.0002638015696727891,0.0005866132769088522,0.029358610757659293,20
29501406,0.00026363874304646264,0.0006677007124406366,0.04674691401865836,20
95281804,0.0002635747647419473,0.0004750337543714012,0.011304690595822177,20
46839508,0.0002634990389026426,0.0018014495822636254,0.2604301442205085,20
26,0.0002632541631417518,0.0005587103486902068,0.02430837984036585,20
8006898,0.0002630627317737999,0.00026834481046470496,0.0001595232986890861,20
138364547,0.0002630244538984694,0.00031926855963852285,0.0007875558472459833,20
137879593,0.0002629312916822002,0.0024811746853444457,0.3204806653432512,20
33241995,0.00026281330840117746,0.00039092975547796657,0.0036281204763127044,20
80419872,0.0002627018317443608,0.000617777269781071,0.036240571966110385,20
55011670,0.0002625652748929841,0.0004244285803011413,0.0061421024820264855,20
46051529,0.0002619671126279588,0.0007144297503168744,0.058744866128549886,20
6415329,0.000261913361065641,0.0006234393484160523,0.037851976987088476,20
121151535,0.0002617067945327123,0.0005432022230522904,0.02211756217285476,20
24889730,0.00026158924230132994,0.00027291182114707165,0.00019918013182064823,20
26288395,0.0002612267640326571,0.0002840774237280297,0.0002963587508053837,20
78298676,0.0002610453783651101,0.000393578390314128,0.0039665767244420275,20
43349482,0.0002609750305356595,0.0003068426467952946,0.000599895602725451,20
105136806,0.0002608176552976571,0.0005232493691315067,0.019034582418919043,20
21281767,0.00026063615784814863,0.0003110049074100221,0.0006813196611783588,20
50806840,0.00026057247258130524,0.0003696388093218571,0.0026211108687342072,20
40238188,0.00026054565203557646,0.00045947015340681,0.010075011461503941,20
52409245,0.00026042197601197083,0.0003409710782118571,0.0014499285786066657,20
60403477,0.0002604009322240419,0.0005092699421518647,0.01693100071421568,20
56413121,0.00026016867538642964,0.0002943351181224248,0.00042650537195078954,20
15272218,0.00025982081815233984,0.0004914655564579897,0.014433939288788772,20
26065643,0.0002597882534090823,0.0004948568298681594,0.014934537436418574,20
31095661,0.0002588751423360569,0.0029556060634992904,0.34981749829445247,20
64606777,0.00025856436387933777,0.0006363882706706559,0.0425107073829846,20
81693768,0.0002584542390793476,0.00048515936710708056,0.013901669457579398,20
142163044,0.00025817450693547126,0.00033132681230744365,0.0012398339360692088,20
55454800,0.0002580921774813061,0.0016176007050617174,0.24209239860623338,20
41241722,0.0002579784516892836,0.0003997331392668975,0.004730429787290124,20
170597867,0.00025755341496586646,0.0003553436707573973,0.0021479289421749716,20
67510249,0.00025749450938508667,0.0003777588868249874,0.0033063967930806394,20
46407918,0.000257087427791608,0.0006820179900789876,0.05409592215347874,20
50664426,0.0002566730545549678,0.0003386691839218625,0.0015387660255319511,20
88674491,0.000256409960115489,0.0006400998378024197,0.04458307104595219,20
55612481,0.00025623312015228826,0.0003675010377400666,0.0028308745035403593,20
14071331,0.00025617034442133033,0.0004385649658787029,0.008566131329702794,20
19080869,0.0002559189693865704,0.0011386627397412604,0.16373208167083653,20
25685359,0.00025590873557653214,0.00031592004584221075,0.0009063429020635755,20
26322800,0.0002555329318523314,0.0003112289204298093,0.0008102652460397825,20
24283359,0.00025551761658018093,0.0003655976824590005,0.0027840005647748415,20
87327273,0.0002553875377392212,0.0016948239367118984,0.25424816919019766,20
10400602,0.00025513725115935417,0.0005853427654446597,0.033088791055222624,20
91456777,0.0002549458839289975,0.0003387988970158133,0.0016248839094116804,20
19481492,0.0002545328748032261,0.000998670008495846,0.13426329684166424,20
78798133,0.00025446928973897885,0.0002438857198539618,8.414262550483263e-05,20
67495728,0.00025411828870005037,0.0003982763761072551,0.005082896511822828,20
84203322,0.0002540968573856217,0.0005328573833168425,0.02311240222082972,20
48267334,0.0002533934166883023,0.0005003745857243038,0.017707966667885048,20
214268097,0.000253378109365171,0.0003699875812491121,0.003203156053505459,20
49112340,0.0002532916612186964,0.0005039153800055998,0.018324475507162336,20
186418537,0.00025325755956818183,0.0004100845036414306,0.0062055422253803425,20
68666492,0.00025308717196430574,0.0004911183014296839,0.01632103610932033,20
29893461,0.0002529508176023931,0.0002951768642561953,0.0005617855999990686,20
48467721,0.0002529057394155987,0.0003626767352300836,0.0028280505573291363,20
85872952,0.0002525191286468609,0.0004079155734884104,0.006117388358320242,20
15026516,0.00025234302256990637,0.0004951774721475864,0.017199405022638503,20
38844914,0.00025211781439103963,0.0004991988984551447,0.017929136482411467,20
52951549,0.00025144163473607705,0.00020894165734350187,1.7065429311377108e-05,20
44452610,0.0002512803635757621,0.0004899697892701204,0.016696122304551003,20
53810182,0.0002512582656276685,0.00039421889509201456,0.005117231008736609,20
182214915,0.000250984058135767,0.0003156243964655236,0.0010540742814527852,20
147851270,0.0002504387092297611,0.0006087481255689932,0.04073496266965898,20
800296,0.00025042547156420845,0.00038249282146222746,0.004315252252523132,20
89407049,0.0002500719583721056,0.0004763975141050342,0.014941943686137488,20
101722577,0.00024984698964429785,0.000295540640810675,0.00063212883318375,20
7671816,0.0002497326746739914,0.000601845757761058,0.03953918921134134,20
132960759,0.0002495688400007079,0.0005385592634027624,0.026039266068343378,20
180811478,0.00024953845505246153,0.0011827419209113682,0.1786233826016364,20
120354240,0.0002494528814558916,0.0005279521296082018,0.024027515429664116,20
2663101,0.00024903459654972984,0.0015159732861341937,0.23576031640224537,20
30020205,0.00024898553273400845,0.0006164787625082954,0.04337541207876308,20
207861406,0.0002489438988188153,0.00035256873092439733,0.0025911886965973934,20
18880785,0.00024852674238550756,0.0003322322734860395,0.0016995300311008774,20
50314238,0.00024828548333007404,0.0004206539452257645,0.00807828909001,20
96509333,0.00024803622072808726,0.0004054815240535566,0.006568692963739551,20
1217170,0.0002478221508714684,0.0005468167980325939,0.02847466302466413,20
17488141,0.00024778652597454707,0.0003444874360117542,0.0022701165563208062,20
33300792,0.00024765123910348575,0.0014138427782713838,0.22153943737711673,20
98439321,0.0002474412931050496,0.00040765548533263827,0.0068756210122021015,20
106295428,0.00024738229368883035,0.000504774659971397,0.020529986154662262,20
166870801,0.0002470034135497623,0.00039505086678939263,0.005759570018559595,20
89206964,0.0002469963310952672,0.0002764721364701421,0.0003871927346626582,20
43997680,0.00024679446563687926,0.00024877927938039796,0.00014162222659014866,20
3866871,0.0002466868166647318,0.0003684970832874537,0.0037314953334348067,20
31338938,0.00024626831951045646,0.0003899839821484463,0.005419645349441675,20
11675505,0.0002459021893257363,0.0005268643923560444,0.025286017758765184,20
131272796,0.0002458485251143061,0.000292261483820518,0.0006597818141448857,20
70075475,0.00024579145094179023,0.0003765761048857602,0.004401878053304703,20
26085127,0.0002457646809666481,0.0002518810743356593,0.00016716590714976437,20
121711003,0.0002455103809726522,0.0003075215615013987,0.0010208206600456236,20
118122444,0.00024550579789033857,0.0026580043067657507,0.34209074577546394,20
68666830,0.00024498008595948975,0.0007268135598634388,0.07408033466869855,20
101151879,0.0002449152603012261,0.0007444899718965733,0.07880291663941281,20
51117452,0.00024448750652215077,0.0005560396388766501,0.032018719670304674,20
40047576,0.00024429635852795675,0.00042398148624739205,0.009237714277810314,20
148381343,0.00024378500578453588,0.00048468533415319237,0.01826982064276452,20
11019735,0.00024361709560880018,0.0004897514149844471,0.019212564670708917,20
169009426,0.00024294805782628103,0.0004192061109236734,0.008947814642279082,20
66084646,0.00024234648656887292,0.0005246776087829648,0.026386613431288466,20
38436077,0.00024228543252263757,0.0008986771925029199,0.1213674957384344,20
36856004,0.00024225300924015646,0.00047455594914175335,0.017061290749721916,20
113548876,0.00024202585859259274,0.00034667822925728005,0.002805638749451805,20
97684186,0.00024201694361543623,0.00029940732149973185,0.0009223759573741083,20
116931971,0.0002418150984396461,0.0006154763868007225,0.04750531348303532,20
50606563,0.00024163283757853705,0.0019647929666800176,0.2943672535822773,20
4814218,0.00024143447602720247,0.00044456328064890194,0.01262338219588045,20
31935524,0.00024115154618795654,0.000543816220864599,0.03099812593823963,20
97231778,0.00024114240552720602,0.0008549291346139567,0.11121340785376396,20
86975062,0.00024098487078750286,0.0014843927101706267,0.23833409122308402,20
46207886,0.00024033973814820419,0.0011433994465313239,0.17949978192311733,20
69297421,0.00024016148123141013,0.00035937396694340194,0.0037746881642886482,20
4663624,0.00023980293782609462,0.0005233843241999999,0.027262874251823936,20
232313864,0.00023954593024904657,0.0007932108602569023,0.09635145072024028,20
59498158,0.00023938868704606042,0.00030615394265661876,0.001206226213286977,20
32697272,0.00023932943170695275,0.0004046695220626639,0.007987209446745532,20
154195839,0.00023923757348553453,0.0004905079225647954,0.020968648378202743,20
104090499,0.00023919465997573885,0.0005243194847968102,0.02773943075127248,20
97323933,0.00023902574843897017,0.0006533194375308144,0.05912856523396276,20
98348647,0.0002390212869645858,0.00030348796369100646,0.001138894127662318,20
39136756,0.0002389002049519251,0.000347666888784333,0.0031299561631533334,20
201236141,0.00023852997685747668,0.0004790482840686539,0.01912670446376606,20
58448252,0.00023844543785016547,0.0005519187052694007,0.03419903773150451,20
162903707,0.00023835781738656414,0.0006151947713672865,0.04967216684456465,20
117547168,0.00023834096970376528,0.00043947857614105683,0.012712758952208731,20
160388370,0.00023812194844873846,0.0005261615802674955,0.028635323886394237,20
25098194,0.0002379278206605051,0.0004233151411411598,0.010562691067339232,20
165669038,0.00023786422110415594,0.0009227192459086078,0.13163419623172898,20
107296355,0.0002375190224904844,0.00044807840079794987,0.01424565333954992,20
112727184,0.0002373849616526702,0.00028477659714775197,0.000713044987230715,20
156898684,0.000237359875840093,0.0002791518056678975,0.0006012926021712023,20
96545397,0.0002369504535082223,0.0003604916123905631,0.004206990160022671,20
88512090,0.00023664955281399447,0.0005171808680841033,0.027407064136310846,20
137764208,0.00023655856201574844,0.00028762504240126133,0.0007987087099628579,20
46752369,0.00023640902276677033,0.00042064932622065253,0.010567542615141241,20
160262903,0.00023628704757824303,0.0005000366495070718,0.02401728153508377,20
25667412,0.00023604413069533425,0.0003706094862888489,0.0051397769540525206,20
34820891,0.0002359700819955457,0.0007022757309764359,0.07468133113365386,20
126945750,0.000235959114093115,0.000802786853394626,0.1021674124345728,20
37044444,0.00023579047394663987,0.0003773963848926572,0.005785571358068066,20
103129318,0.00023578998445181187,0.00029654083051252787,0.0010547555434777668,20
54858762,0.0002356786745543238,0.0002460170116584567,0.00020026865280109278,20
90609164,0.00023552367637288407,0.00040618780711758985,0.008922585984407034,20
164191596,0.0002354348051662125,0.00038485804344293926,0.0065663584761503765,20
23082929,0.00023527231567039287,0.0005466239390698862,0.03467647675360634,20
165068288,0.0002349732092109258,0.0004460649316481906,0.014689303140509109,20
96831615,0.00023469838363128216,0.00026243468378603444,0.00038354877994801215,20
28363303,0.00023429446643902785,0.0005426630124521886,0.034281286215248036,20
31070598,0.00023410923739707878,0.00048215749551105166,0.021384942479721114,20
44206215,0.00023403004462214106,0.0005129195077972307,0.027722360742032773,20
45447667,0.00023389910242976875,0.0005803061675785608,0.04367299357895032,20
43606073,0.00023385119330933125,0.0006727234954273506,0.06827070900294266,20
20227128,0.00023379082755248804,0.00029502464017528676,0.0010839864481228486,20
132226664,0.000233651259494283,0.0002891850427826087,0.0009257196343843921,20
40690226,0.0002334032224845628,0.0004954211341530825,0.0243215306296342,20
74275261,0.0002333741715861426,0.001033887857139137,0.16271599653978525,20
24488639,0.0002332361792619253,0.0008886817431867204,0.1275052621803702,20
34904070,0.00023302669449482005,0.00034606594220429907,0.003589444874659058,20
120070770,0.00023232751694213238,0.0002877090547832651,0.00093002594686318,20
52874816,0.00023159999749554626,0.00034943202821303195,0.003985096567774031,20
48462986,0.00023142506221129344,0.00046484445079681975,0.019138810658833792,20
7017977,0.00023139835023147092,0.00035855312293500404,0.004730880291371167,20
160988600,0.00023126493855045726,0.0031295621765247716,0.3723279792228724,20
71280810,0.00023120546478896386,0.00031419501427371694,0.0019216883332699205,20
82,0.00023118202278805123,0.0007105576062605357,0.0809930897912113,20
104290674,0.00023108040152756138,0.00046306635155939356,0.018937439734698126,20
33568732,0.00023076120043063474,0.0004426972051985254,0.015454891842157266,20
117610274,0.0002306872243414082,0.0005082137820611294,0.028298854465633426,20
97547130,0.0002303358989719728,0.0005682537733275413,0.04285238305790067,20
95046541,0.00023033442316077178,0.0006162358979513003,0.055498151245432475,20
54449109,0.000230159473833097,0.0008240532456735639,0.11340399137432164,20
59698659,0.00022962009868804923,0.0004898726954201208,0.024841277950164976,20
85572911,0.00022929106269677367,0.00039654646713024194,0.009061375754818678,20
75686942,0.00022902831822839144,0.0002498795520461329,0.0003055994672179481,20
73431580,0.0002288994275826961,0.00046266380619619014,0.01968533287372663,20
87929161,0.00022883335179509355,0.00034601063263111915,0.004042244801979977,20
61661564,0.000228663541870594,0.0003376963668373702,0.0034577952303031317,20
31673758,0.00022862778144029926,0.00045002853869823803,0.01744796525319579,20
28830997,0.00022842287925102788,0.0002691557606114919,0.0006113512582428665,20
49915506,0.00022836349507945886,0.0005311545158522339,0.034816632623303,20
102926690,0.00022825274810788775,0.0005704493832096619,0.04474977142605213,20
18680670,0.00022791925751623477,0.00047826062081392494,0.02317394124359779,20
38245701,0.00022768372293864304,0.00025626253026997804,0.00040709921138236524,20
172202432,0.00022761874591560317,0.00027544216006873863,0.0007674176509933302,20
71669140,0.0002276032852510379,0.000720170827575405,0.08685972272928938,20
35770896,0.00022750135605213994,0.00032248478303535937,0.002607366232376543,20
32899425,0.0002270843512588605,0.00040130146067640014,0.010188868507100001,20
39241103,0.0002265047055052982,0.0006076568094266665,0.05595760468842218,20
61858098,0.00022641383599990018,0.0002115795510060111,6.427006369134604e-05,20
135429020,0.0002263917952319172,0.0006255659954973426,0.06102185485219824,20
13840788,0.00022624814063460508,0.0007161427181138512,0.08693402962643856,20
79299879,0.00022596930979965624,0.0005236435607486863,0.03434496527300739,20
67686119,0.00022581218103999158,0.0003603875071826748,0.005685042253732668,20
129358339,0.0002257181705088873,0.0012181231364087875,0.20878541283176522,20
15626724,0.0002249399083268433,0.0003331887833193609,0.0035276014979917767,20
44646750,0.0002247444133153753,0.0004336285239302325,0.015883556161719308,20
86024104,0.00022405134493895805,0.00044803609307942786,0.01875762412677339,20
104403222,0.0002239355019118594,0.0007360729188042748,0.09478823199845374,20
39261398,0.00022382177185629182,0.0003598960506089287,0.005949732921263005,20
68866942,0.0002237035395596665,0.0004219402085814787,0.014233166851305391,20
19039502,0.00022351211386093529,0.0003054648338458649,0.0020037584038785907,20
3262308,0.00022347750847303004,0.0004170739757592721,0.013506887331283883,20
7471472,0.00022346624618138633,0.000309119766375002,0.0021890810219879976,20
49196518,0.00022307509222929678,0.0003002429823198913,0.0017887133419816298,20
38743506,0.00022277939617841857,0.00023984695118801376,0.0002695766743715586,20
187822545,0.00022257447454461786,0.0004900690169618862,0.028236606420012546,20
10019329,0.0002224137073529031,0.0006503659796138969,0.07132304563247523,20
48889170,0.00022213163698090455,0.00028151566844312,0.0011219575380635282,20
44285658,0.0002219598325436889,0.0005610953986140253,0.046463564053742384,20
38079239,0.0002219085761727413,0.0005275205244714917,0.03767517621196825,20
125956725,0.0002218948987554814,0.0012619909570008231,0.22068523704514031,20
106896111,0.000221835810450155,0.00022280681461781375,0.00013650738219068566,20
49521660,0.00022129272090377073,0.0003840911127804059,0.009242057613894192,20
135590420,0.00022123176841089,0.0011474675548334384,0.19965718450647574,20
99391833,0.00022109843278900199,0.0006601013931156014,0.07529146747429522,20
94506382,0.00022107882943736,0.0005623327913331157,0.047405796834698435,20
65091031,0.00022098384010552086,0.00023866721674227593,0.0002777667943098449,20
73,0.00022093538395793756,0.00043535072468080656,0.017534328856769203,20
14824413,0.00022087602971981868,0.0006694708177898852,0.07823242951397164,20
42310211,0.00022068865800747294,0.0015917102554360112,0.27129335423839523,20
16032193,0.00022063959231358177,0.0006523855249101144,0.07343180124747706,20
116016845,0.0002205035495947305,0.0008391781919589539,0.12723490652661795,20
50638660,0.0002204721373159968,0.0002894131293279289,0.0014792012842439303,20
63661019,0.0002200897401948343,0.0002736137986072138,0.0009601005086895416,20
130480126,0.00022007698518032858,0.0004801366476957827,0.027218499520085173,20
125581166,0.00021998160358721597,0.0003017627593726536,0.0020593965971690592,20
3217887,0.00021985369775059382,0.0003906315220658433,0.010487363256386524,20
45507305,0.00021973768111936963,0.0005503187097469904,0.04506092936849552,20
40281675,0.0002196942657705092,0.00021559511318064683,0.00010768755060577563,20
80599204,0.00021959883721685557,0.0004038573469746911,0.01254449654294373,20
128269592,0.00021932127753999665,0.0005435042290159069,0.043502477618312954,20
81894122,0.00021929444022157353,0.0012224978655554196,0.21617238620555268,20
118218875,0.00021906252756885846,0.0005399769750591484,0.04272794682688023,20
45048066,0.00021811054758912873,0.0003636334831857196,0.007368511911198582,20
47092856,0.0002181085055526999,0.0003984046360263926,0.012117651507762629,20
59687865,0.00021802868192041246,0.0006785222064596171,0.08348751035966279,20
46846414,0.00021801306489643846,0.0005628862236601686,0.04972828083945065,20
153784268,0.00021797736071024198,0.00034141986322132475,0.005063101599080471,20
20221516,0.00021795815804653284,0.000425597033064337,0.01680734494296707,20
228887673,0.00021754846326284548,0.000506960754292863,0.035059920516507866,20
16882702,0.00021748523658287054,0.00042448071885621346,0.016771593724919872,20
26648033,0.00021744438284879709,0.0003663032463887834,0.007820426311579354,20
19678889,0.00021738767243770774,0.0009469357174207507,0.1587357463809369,20
56260390,0.00021738603785995125,0.0012615653736429186,0.2252063181901226,20
7396967,0.00021713016460004898,0.0003853700686783821,0.01042641575844311,20
111136442,0.00021702130325482739,0.0005223692718489033,0.03936936747119771,20
60064225,0.00021637396744872973,0.0004557795594351768,0.0235534578862307,20
43905870,0.00021630466874782427,0.0005422175585995015,0.04519758715621578,20
93505359,0.00021616518478707604,0.001856776664705004,0.3043146192427896,20
93706220,0.00021594900616167534,0.0007585365291080741,0.10915600412820455,20
108337928,0.00021587574466425675,0.0002482607637925738,0.000493927059710919,20
45152229,0.00021559495899175495,0.000499602450581471,0.0343448629305466,20
22042643,0.00021547173281171727,0.0003939343564398922,0.012172348347812464,20
190424966,0.00021540218011479318,0.000499652509156958,0.03447120492522926,20
49757292,0.00021475351180190726,0.00047801496254898547,0.029471681647433478,20
113919030,0.00021472492136707656,0.000368253668005617,0.008650068781881579,20
6664830,0.0002142902907528943,0.0004920195414110282,0.033186925062221595,20
17253129,0.00021428639420685846,0.0002062123095064527,8.782764757137114e-05,20
93519812,0.00021425591196239102,0.0004312995235747767,0.01932800943424878,20
156973274,0.00021371701776525253,0.0009113137570982842,0.1537179173735449,20
88110666,0.000213521364429492,0.0005951209287027621,0.06254401096262946,20
181211581,0.00021324291725797196,0.0003164659440546221,0.003572885518438756,20
79766219,0.00021304662787268168,0.0003788752375111541,0.010537279345277067,20
50405822,0.00021298789926713635,0.00033046410982184827,0.004770769869069864,20
5216432,0.0002126951994120718,0.000562751476493405,0.05365850017701942,20
23625664,0.00021257967463089166,0.0008061000070022067,0.12640541993444487,20
79445200,0.00021256608659008246,0.000364541691633245,0.008648804152491056,20
93043976,0.0002124724743947426,0.0006550172611070814,0.08159245045739892,20
25885030,0.00021240332462120205,0.0005774463876969129,0.05820705017095299,20
63221421,0.0002122873966872163,0.0005418751060383064,0.04794719248757373,20
83352667,0.0002122551893781799,0.0006462736417117602,0.07912748642878203,20
71939340,0.0002122189749940051,0.00102908807775073,0.183981963287289,20
47931975,0.00021206347815372895,0.000265186905760617,0.0010071716505758448,20
9070012,0.00021183862810802422,0.00055389060034014,0.05173637029816811,20
97885616,0.0002116444956744512,0.0006000941898348832,0.06562038959721145,20
37739584,0.00021056146462188896,0.0005006851616661783,0.037712443837801854,20
34713897,0.0002105015145883793,0.0002857074459901817,0.001904218029077353,20
154785413,0.00021040192367053346,0.00041083781329317326,0.016806481701818123,20
56867087,0.0002102800658462023,0.00030754601786829567,0.0032381687786590765,20
164592465,0.00020996160033001087,0.00035419961084454435,0.00788380794337999,20
3412648,0.00020996068265879964,0.00025641046886259105,0.0008286236820742681,20
75662679,0.00020975837462757773,0.0013404893218850191,0.24626756366904018,20
83904869,0.00020948772733178078,0.00032919915506289115,0.005167626075939427,20
5063940,0.00020937585348319022,0.000354736288045079,0.008078855734754404,20
26689767,0.0002092987215983333,0.00033562427757895773,0.005851944623733286,20
128583483,0.00020908416544936358,0.0003367000476118671,0.0060035565201567095,20
13270827,0.00020894365775523394,0.0005701454634212402,0.05884134119749246,20
43852075,0.00020881036116612294,0.0002450093119352004,0.00058935036648542,20
91009340,0.00020878717653284308,0.0005114230818251918,0.04182467350145879,20
25634038,0.00020874767560571938,0.00033420008565014403,0.005794769450034077,20
93080192,0.00020871992534756133,0.0004106487114599492,0.017409910841962525,20
129948206,0.00020849266957529978,0.0005789058519596661,0.06187356859985953,20
51358164,0.00020819500069991226,0.00040211436378415636,0.015962145677240046,20
5,0.00020686937139445804,0.0004051075932268372,0.01703490026157527,20
32418082,0.00020684857546712231,0.0003157325158769385,0.004297469642179858,20
75193956,0.00020654726778891465,0.00034690642623004514,0.007687914476102603,20
55683603,0.00020640567051275483,0.0017154872858148804,0.2983837288753943,20
143934667,0.00020628632728056373,0.001234963797141621,0.2320986854315794,20
33249945,0.00020620419138921985,0.0005215950687022479,0.04655915572061742,20
166207140,0.00020616273178876155,0.0005068849070986058,0.04236009923470366,20
24245878,0.0002060647825369133,0.0006049458417643742,0.07207013353434329,20
106000815,0.00020593741123789422,0.00044062286949443695,0.02514110546945686,20
64406763,0.0002058728467859927,0.0003941374212598206,0.015302489089479863,20
50315996,0.00020584422801699364,0.000580601583907581,0.06467409336396514,20
43451585,0.00020579211474383574,0.0003174339835726828,0.004596600554829081,20
190024474,0.00020552637818145315,0.00046468184147909484,0.031307611026202636,20
49312409,0.00020529637915790987,0.0002018128185666364,0.00010961658970394068,20
153976551,0.00020526109248273917,0.0005538374356382462,0.05692464922602143,20
51407949,0.000205173481019183,0.00031785292918815695,0.004724793071091183,20
70212158,0.00020491941818042702,0.00032351184977197513,0.005317997517805571,20
170199957,0.00020437886262185677,0.00047257130470595244,0.03406671261535413,20
163791840,0.00020424397403060457,0.0021730810598584592,0.339480673012174,20
77089322,0.00020417984290018175,0.0006068724359246878,0.07443059699605292,20
91334498,0.00020417637105838994,0.0004407275810850347,0.026069048559673486,20
31622768,0.00020416148356298126,0.0008357312135039348,0.14413603089037116,20
26408721,0.0002037878546682248,0.0003114286793295977,0.004330363319373056,20
58855832,0.00020363183617835845,0.0003595816569114693,0.010147260043691217,20
170202862,0.00020344969909269484,0.00042642827897381905,0.0230620712759412,20
159987183,0.00020342735735826568,0.0003969562726886111,0.01675441927903585,20
123742029,0.0002033320743131617,0.00045056224581727143,0.02895662274331088,20
56459228,0.00020332794723295077,0.00045414306637888964,0.02986987366863718,20
137829853,0.0002032596515742835,0.0006523075161989793,0.08977511239066463,20
35477265,0.0002032259108711798,0.0004121577814849787,0.019983450719634324,20
88531518,0.00020278464934398444,0.0007122352650075701,0.10913722466611549,20
41286664,0.0002027583534209565,0.00048065327471794186,0.03730169271920267,20
6604757,0.00020263847202612318,0.00031393896766571783,0.004726056936927193,20
37500067,0.0002026063208102169,0.0005368370564650016,0.053896852714673725,20
109737344,0.00020232411735188194,0.00044358763379066275,0.02776170029257122,20
122152141,0.00020228886166359094,0.00038690647310455603,0.015232292245484277,20
27290514,0.00020218650348509116,0.00032967355320423145,0.006468606526294859,20
116947196,0.00020198081801490187,0.00032134889336439635,0.00557751194918002,20
60449168,0.00020174784586282635,0.0004974136087719011,0.042761773989460634,20
140242451,0.00020140486265179947,0.0005279980845631881,0.0521607657525644,20
101752468,0.00020139767871581448,0.00030177885646523055,0.003808781110619078,20
140265434,0.0002013797126119654,0.0003043355811149347,0.0040281005990391704,20
56856336,0.0002013392663418101,0.0003655855332640897,0.011751200999992046,20
132360325,0.00020099716127118804,0.0005313403365200079,0.0535165979763462,20
145977305,0.00020090276470347002,0.00020992886585767038,0.00020226473146716875,20
92880148,0.00020045257911307512,0.0004737829122499231,0.036908077046863386,20
90333261,0.00020021299943298598,0.0004612534326235025,0.03360823585301571,20
133007053,0.00019979264550740172,0.0005611208532683383,0.06390354003489726,20
118349422,0.00019977067198877484,0.0008276453910607897,0.14695017312783124,20
85925978,0.00019958739252999292,0.0005068729700168067,0.04716599566063157,20
104135940,0.00019955711399694543,0.0006592115150324598,0.09584163646449073,20
108404343,0.00019934195266265163,0.00030105184541140434,0.004010293289866583,20
140166713,0.00019932148340099932,0.0005659373414978452,0.06587203531588252,20
8068971,0.00019925934398833944,0.00023983231116512016,0.0007333643758181801,20
100634958,0.00019903682001874424,0.00031747119637959645,0.005664973627362391,20
20626505,0.00019891605577209703,0.00026637042051422537,0.001721738684310236,20
25864514,0.00019889520335972244,0.000528182404055862,0.054264658993660383,20
42865468,0.000198755989838556,0.0005065323590903855,0.04770311098860683,20
21882149,0.0001987044046391495,0.0004837667109819354,0.04095943222692445,20
101253557,0.00019857663844612404,0.00048442184332523974,0.041241587820293836,20
94906455,0.00019854173940231368,0.0006232957689262492,0.08525539252364357,20
103548319,0.00019838746096026427,0.0004497798761417794,0.03163892045410395,20
64253647,0.00019830192523919153,0.00041738455036014794,0.02347558896417969,20
179209674,0.000198185108913157,0.00038028178828796556,0.015470359065245073,20
128358212,0.00019815525518339095,0.0004469409494252808,0.031020720036454813,20
110900060,0.00019792397425713037,0.00038112170064572313,0.015733616776476514,20
105318970,0.0001977670372493412,0.00025171158055403107,0.0011609817949547177,20
21286667,0.00019766942225385442,0.000386778233429031,0.01697059835758245,20
161463956,0.00019741681365637032,0.000557170090107034,0.06478372385734422,20
242700770,0.0001973204068828227,0.0005010609329156657,0.04714928009676143,20
54267716,0.00019717454555570613,0.0004019596495226457,0.020447222650531432,20
6668508,0.0001970498950359889,0.00030666187163097086,0.004862775689028877,20
77708940,0.00019692376694982472,0.0003795543772611276,0.01580477263083328,20
11081405,0.00019678602280274183,0.0003440481663306238,0.009616154691610956,20
41682303,0.00019643919975557145,0.00037205526285555166,0.01452522601299408,20
35095644,0.0001960642695095438,0.0005830652652521866,0.07453425576782119,20
123816089,0.00019596422917994571,0.0004385365155907293,0.03009340933578067,20
24406124,0.00019588454823434297,0.000464516255253495,0.03734704797622535,20
170611023,0.00019582292274670233,0.0020062248312682457,0.3336917013254732,20
76384680,0.0001958174349433739,0.00026262124040737764,0.0017416232993835094,20
66224965,0.00019523926535428004,0.0004906876810681107,0.04558702388701037,20
29671915,0.000195071583613865,0.0002084525551617188,0.000251071439308148,20
181011435,0.00019499941303853795,0.0005286854732735767,0.05774080306242077,20
169610232,0.00019492805679992563,0.0005396683920320021,0.061361152575634306,20
143163381,0.00019485965533902472,0.00029425639322929565,0.0040079629772604266,20
48947225,0.00019480405878659622,0.0005343238221912444,0.059735774975543096,20
15350422,0.00019480088993485413,0.00048040342742564014,0.04279721389280652,20
175007741,0.00019477644807400218,0.00033720002748731083,0.009112541344756716,20
29127639,0.0001945701366785957,0.0009229185840947008,0.17880449199727755,20
142170371,0.0001944271447561874,0.0007029773623614528,0.11559961938767221,20
30414998,0.00019425585134339452,0.0002693396562202755,0.0022263531023947276,20
40642718,0.0001942129379686075,0.00034327793207997864,0.010199450869040902,20
95282331,0.00019420006540422642,0.0004140832554858932,0.024785544608631485,20
154777157,0.00019410208179407307,0.0006079683647789243,0.08479169404691914,20
84487084,0.00019393315354815921,0.0020356734338632903,0.33743007177598494,20
13089854,0.00019366357618614272,0.0003418861757450182,0.010132455884578966,20
106004039,0.00019355540476744814,0.0006422207431226657,0.09678219720792226,20
64861657,0.00019337114299801118,0.0003734882903063538,0.01596320089496131,20
217272195,0.00019258627710859731,0.000622876962226542,0.09139206684090495,20
28125117,0.00019256787662642606,0.00028144656663098077,0.003222999524308999,20
73140219,0.00019256426833618167,0.0003802848236825441,0.01771424784612332,20
80667226,0.00019256161292245942,0.0007741850981831412,0.139933035150231,20
1261635,0.0001925363243239775,0.0003178769540616858,0.006961948215474942,20
89980365,0.0001924435582896955,0.0002747250390779046,0.0027401112695997045,20
18878071,0.0001923884156993405,0.0005380216549149435,0.06314013197021162,20
8417115,0.00019235278454993732,0.00030643261110567933,0.005622510560373844,20
67227276,0.00019223600767285243,0.0005130300904401291,0.05508389554421671,20
63862634,0.00019218172487263098,0.00023831237830591838,0.0009403114198684704,20
103152975,0.00019212184031028868,0.0004988600623809175,0.0506257046010293,20
16643161,0.00019207763874610763,0.0005642001615998602,0.07217647722329368,20
108333833,0.0001920221242986686,0.0007954561973731665,0.1469245011656217,20
83708008,0.00019185392590514438,0.0005535288509148564,0.06881334081003991,20
31422619,0.00019179692481941513,0.00037923223452306,0.017814266578350717,20
95308495,0.00019177746562528685,0.00036665069685165407,0.015202040896620311,20
180413154,0.00019159704976833835,0.000504605640762591,0.05290779315270707,20
13812283,0.0001915261968075843,0.0005131367418019615,0.05573544439210643,20
226286416,0.00019151836821973411,0.0003546651215731959,0.012991953760991673,20
63622181,0.00019096842136752666,0.0006407824754814425,0.09917990932592598,20
74087193,0.00019090896379598266,0.000734465782246366,0.12972562646350846,20
56399503,0.00019075633147321301,0.0006121739996016835,0.08977258806410744,20
47432423,0.00019061529107605168,0.00020211798267146986,0.0002330968534488225,20
107339788,0.00019008564920602877,0.0004278358570545753,0.030770086228647867,20
10619702,0.00018975345227758566,0.00029147125302150215,0.0044752929698986905,20
3214668,0.00018961267338164501,0.00025771547210771116,0.001924048320507033,20
12422187,0.00018949369972142693,0.0004331952615414506,0.03264891068895848,20
121355851,0.0001894077596398147,0.00018524217918631754,0.00010396310809122405,20
139438938,0.0001892263343871492,0.0001560262470558225,1.556566481357594e-05,20
146336207,0.0001889859233421498,0.00045209739591521103,0.03852682285838251,20
2462223,0.00018878356333972278,0.0004939895651129407,0.05186041234033202,20
174007048,0.00018862816376595813,0.0005020342756497619,0.05463267081441532,20
222879533,0.00018854891019885468,0.0004974543178143273,0.05319523505007252,20
56722519,0.00018827337860845007,0.0005106858363523475,0.05781959865321979,20
52756698,0.00018809351430531528,0.0003470390128520242,0.012752143184436697,20
177885142,0.0001878948818753834,0.0003308200828654997,0.00998851663587705,20
121338022,0.00018779361090052739,0.0010807593548348943,0.2233390943217089,20
69457409,0.0001876531578659857,0.00025295507343652793,0.0018093573599079506,20
101132199,0.00018757958435706157,0.00031792392000734587,0.008095562131792336,20
18277832,0.00018757700970603586,0.00034651446363661225,0.012832126479798601,20
40053748,0.00018746660414764026,0.0003553076253053135,0.01457450372374315,20
12870334,0.0001872886628573489,0.0005752253295222888,0.08084696327868851,20
43445402,0.00018703908105751065,0.0001899647096500445,0.00015272279785890177,20
3017651,0.000186941968462917,0.00025604900598597447,0.0020364586197417563,20
118133154,0.00018687534208082778,0.00039252154729254104,0.02327100808593416,20
19955047,0.0001868389494351197,0.00045109399369144137,0.039790877297916055,20
93880734,0.00018671709397607983,0.0003429884609132924,0.012470916906027054,20
66308065,0.00018639503295278526,0.00031858698517217224,0.00848808407516159,20
82703335,0.00018604525051991728,0.0004946112367376854,0.05444932565607043,20
157461208,0.00018590710130041987,0.0010122908609790599,0.2108288682065515,20
65223793,0.00018583796317597767,0.0003837106248147229,0.021621581213424088,20
98123581,0.0001858167879919659,0.0007558183491960019,0.1426502801412457,20
112918176,0.0001853125384476073,0.0007046710765747019,0.1270463857826783,20
30039957,0.00018521111154764513,0.0003733490442940111,0.01944868020613117,20
94481908,0.00018498501048638816,0.0006290566642072521,0.10206249207051177,20
24806852,0.00018497107266932656,0.00021165284573874344,0.00047229857579213734,20
66294761,0.00018488031519726668,0.0006119328040275232,0.096260016603472,20
4870012,0.00018483525324208827,0.0004596082507061602,0.044002117691192624,20
197832662,0.0001846162263087092,0.0003714588831263523,0.01928696853786206,20
193425683,0.00018435080614521705,0.00034707660769342616,0.014105188033959486,20
41261072,0.00018434984282973964,0.00031920064128034296,0.009120604066768125,20
49396573,0.00018427807848351297,0.0005332025386325044,0.06934783647910389,20
96988898,0.00018424578427426175,0.0003672091262809451,0.018475104182734296,20
26034698,0.00018370526598381897,0.000488459674613536,0.05447281182209768,20
11610393,0.00018351661226345684,0.0002989189179077251,0.0064285286458132035,20
71437107,0.00018345434887181988,0.0007302917241079483,0.13762462859605926,20
122125418,0.0001833186917242824,0.00032437250374450815,0.010258621700939776,20
131786432,0.00018325748780597116,0.0005697300928493818,0.08328192724280194,20
59070191,0.00018318978811731612,0.0005120735131186414,0.0630623238045535,20
20485631,0.0001830407536211831,0.00029156353000459474,0.0056184634985817165,20
89311654,0.00018295729516549787,0.00040063886923794224,0.02762701669370378,20
63503885,0.0001825038075680463,0.0006160823947710879,0.10047672611606907,20
48513987,0.0001823210437408962,0.0006613052081360867,0.11631386988460778,20
89255199,0.00018231253644289126,0.0003865846642651295,0.024218817434905306,20
9419701,0.00018209270797870937,0.0022131304444069078,0.35848521630932195,20
91782212,0.00018188674274706164,0.0003918120718480773,0.025852094447911485,20
92443422,0.00018185532301409068,0.00043952104099934645,0.03993599178958638,20
55139964,0.0001817364611854222,0.0003655914803054246,0.019269617641323653,20
127157763,0.00018168523177647944,0.0004430436066276318,0.04118659692659294,20
113718614,0.00018162447427222395,0.0005923398032947092,0.09313744427908613,20
3065300,0.0001815926380439814,0.0005543312704016201,0.0796337521625013,20
135426843,0.0001815003311982588,0.0002748776073456313,0.004084459554691242,20
69067352,0.00018135815806952782,0.00038442587930195507,0.024183236873594402,20
67675097,0.0001812703060599885,0.00045223695656357353,0.04448986965508847,20
111209920,0.00018091998552255406,0.0003109325833898582,0.008752028476287066,20
125263221,0.0001808577212674467,0.0001702620740649564,6.957873313539926e-05,20
17073965,0.0001806945461980125,0.0004521968100717632,0.044948709711789055,20
51737033,0.00018059357977684432,0.0004497107595588034,0.044214978750806724,20
77195971,0.00018033923451263312,0.0006213080017639835,0.1049001686168736,20
91735034,0.00018027260994295523,0.0003113187547750124,0.008989023271010824,20
170075400,0.00018022519340470388,0.0002560937965989444,0.002652514683716085,20
164196027,0.00017989900664542314,0.0002278329904935744,0.001115672230661794,20
167107415,0.00017976558522670994,0.00019793283772633852,0.00033276830927754037,20
107843460,0.0001796969261572856,0.0003664974277530888,0.020488577927383553,20
11669216,0.00017947515554776473,0.000514230611958017,0.0675305431066965,20
51656358,0.00017921258583631361,0.00039005752415817267,0.026959708792919833,20
5219345,0.0001791997876470719,0.0006414102882455561,0.11333816486439931,20
204239527,0.00017918007683865312,0.0004818929046377093,0.05637510746538773,20
35421157,0.0001791579981120617,0.00036305332518823323,0.01991183566109693,20
32274273,0.0001790569287550836,0.00044141955365966935,0.04274568551194646,20
121176445,0.00017886812085978198,0.0005079677669465187,0.06590927801243453,20
60649224,0.00017883920328087832,0.0005353015718550619,0.07578620761065695,20
69657764,0.00017825603791987165,0.0006006012659811352,0.10006750614998708,20
82721313,0.0001782367436493626,0.0003427751408366344,0.01563811160543532,20
55064573,0.00017818719273567928,0.000340388935839844,0.015142035056438224,20
83285801,0.00017784962714477713,0.000237785148213793,0.0017013946830604669,20
48869217,0.00017784084835014146,0.000588838971726847,0.09633439903387199,20
150991740,0.00017775933741367433,0.0003652457404798938,0.021167409885761032,20
108738762,0.00017767856886524158,0.0004855512809337824,0.059096479385008074,20
128718671,0.00017753984027228388,0.0005625115259678569,0.08713271167264408,20
62058728,0.0001775097441601703,0.0003586699936528893,0.01965536519574759,20
95521863,0.0001772139143519591,0.00034001303547451705,0.015464076496631588,20
134563476,0.00017704432816785797,0.00024190454610132476,0.002000427080928888,20
134828617,0.0001769951976813955,0.0004656489843153663,0.052733267434623185,20
76897385,0.0001769873772373254,0.001425487174270552,0.29259889412892015,20
78397846,0.00017694805840418604,0.00046574922458635586,0.05281154664448391,20
172078262,0.00017680605751950186,0.00041932852652075685,0.03736442937883177,20
68057031,0.0001767827373792774,0.0002894059585160956,0.006623665064231649,20
113343517,0.0001766356901048094,0.00030531117752866224,0.009033511555623937,20
11288806,0.0001765041420816904,0.00042916248575370925,0.04077727515723095,20
45047400,0.00017645815661704867,0.0004837816244123187,0.059656433391453524,20
103490305,0.00017630291807776977,0.00048336236236131233,0.059658706131150846,20
191826111,0.00017596259345440402,0.0007025079737771646,0.13830078926227762,20
64693702,0.00017582999465076687,0.0004150787754117409,0.036746459805314255,20
74281407,0.00017582385159838898,0.00026820106529592473,0.00427936110604995,20
170600329,0.0001758043031777734,0.0004085814027693926,0.034715064383559646,20
132170219,0.00017572857512000993,0.00023858369019577556,0.0019085180369546341,20
90915669,0.00017567097136931832,0.00037632961964289435,0.025269680641500078,20
31898304,0.00017562275381987068,0.00033799820611205705,0.015693571273276856,20
5419725,0.00017540072823488684,0.001055405871898034,0.23321511259709976,20
152895186,0.000175140939589985,0.0003442303116757782,0.0173272835073801,20
10020370,0.000174940817345709,0.00031409663652246704,0.011082418538438303,20
69577006,0.000174762611105711,0.0008757059063959171,0.19164645551970555,20
5804545,0.00017419087769673935,0.0004096465006291957,0.03624510573627163,20
196627910,0.00017412675918698217,0.0021342638961886567,0.35962087423429623,20
24759510,0.00017360103416720895,0.0006744172630491395,0.13197229500204163,20
96728026,0.0001732877742378125,0.000305955116668538,0.010139489705709678,20
93698699,0.0001730273233792712,0.00031954127003461913,0.012812815826942664,20
32894699,0.00017301344075160152,0.00024828621824910115,0.002842207155243817,20
171201192,0.0001729193227021475,0.00020688072413761505,0.0006968143050553388,20
140431221,0.00017274687831687064,0.00022327572635955626,0.0013112245431321484,20
63260631,0.00017258053988608024,0.0008298784825925014,0.18201361579909658,20
66,0.0001725463379290082,0.00047041634759799344,0.058691027656787846,20
55339971,0.00017245733772671134,0.0006947713248277422,0.14040810681634147,20
150172214,0.0001724415185499595,0.00033511093973891235,0.016433345070289797,20
53447256,0.00017225302028175404,0.000573798704907264,0.09762367963947166,20
47650686,0.00017208811357374842,0.0003049865614055859,0.01034636435097624,20
11420374,0.00017194243038778922,0.00013152816531958707,6.2311060752228904e-06,20
96683186,0.00017163338157353826,0.0005606469166126865,0.09347204719829146,20
7,0.00017148884744453975,0.000427216697889649,0.04427656566134573,20
15072216,0.00017148265734451273,0.0010470980386794006,0.23643193452030448,20
8016897,0.0001714397273661128,0.000626564366966998,0.11801971745393901,20
148737542,0.00017142198011225185,0.0007195086843800277,0.15000594978708007,20
94786142,0.00017133482212806084,0.00044420957381455397,0.050384559428671614,20
27266465,0.00017124267225819833,0.0007727035887631756,0.16704768226560057,20
100351083,0.00017094890117433926,0.0003779888033250229,0.028711679256608027,20
51445011,0.00017088117815100556,0.0006286787116776367,0.11951846349624538,20
40447997,0.00017080918901615783,0.0006002034146854648,0.10923844599236468,20
91702740,0.00017059478330475053,0.0006091310351703351,0.11279673645212342,20
223505095,0.00017047902497933644,0.00030651652379640003,0.01116439014845025,20
85525748,0.0001704379744060347,0.00036708762673396994,0.025834218258614604,20
106539118,0.00017016666783213342,0.0005145397706655685,0.07776347086047215,20
143172279,0.00017004838847337056,0.0002178907968721241,0.0012246408210932597,20
24286912,0.00016988485815985777,0.0011480496783623925,0.25803163087881975,20
37880945,0.0001698024839972223,0.0006476245483394281,0.12773195371302506,20
122740477,0.00016979660552731145,0.0004401930200602214,0.05037429168187463,20
171611979,0.00016971035169914827,0.00043895821272863476,0.05001025207486778,20
56495286,0.00016942554277178944,0.0006604541198166067,0.1327636915667496,20
46552248,0.00016923023414062155,0.0003434911682506782,0.020055856844555846,20
78690509,0.00016920783922081407,0.000321980379039455,0.014859491145267465,20
102127864,0.00016854314373603295,0.000595596716211399,0.11048986259759293,20
159901493,0.00016845397491939694,0.0002728616532801882,0.006218427587819311,20
78819538,0.0001681107679416427,0.000467168947602394,0.0620203565902627,20
136756670,0.0001680219265954741,0.00032522898072707133,0.016127779423325352,20
227308814,0.00016786052934255057,0.0004536329203831544,0.05718986056568306,20
10222895,0.00016766027072971922,0.00042284926197119175,0.04611280412886762,20
92294612,0.00016744574581806226,0.0004020398912496122,0.039027531281840416,20
61658073,0.00016735349476295624,0.000931402249776948,0.2157980296063146,20
168473552,0.00016727927160287148,0.0002919806722308096,0.00953069792230562,20
43249254,0.00016654981485406673,0.00034084390656339273,0.02079869537392337,20
37306245,0.00016648293063450392,0.00045951795661188557,0.060828561095217004,20
67175150,0.00016625228288966176,0.00045875077098338267,0.0607788095719301,20
128346861,0.00016621525060559473,0.0002512815603418356,0.004037363617837154,20
31073459,0.0001661863233849259,0.00040092398796475127,0.03968468565546551,20
25288411,0.00016576799447063918,0.00044309158692384693,0.05534633512893289,20
52,0.00016545493632724173,0.0008616063030069696,0.2005813121856782,20
188233524,0.00016516629155174378,0.00040413600000034004,0.041670205040157005,20
87311221,0.00016514992299981323,0.0004123711612782934,0.044616188153386464,20
43797642,0.00016496908745866067,0.0003583202212426848,0.02673705788560182,20
70958084,0.00016488259915083402,0.00029048632279720526,0.010022466741230241,20
25690290,0.00016477688934735113,0.0005624526883505996,0.10287996347079152,20
62652586,0.00016449768919616915,0.0004200459989544691,0.0480047860563803,20
65063213,0.00016439747790865654,0.000165570996444751,0.00014034638001373932,20
45067768,0.0001643261056433476,0.0005299463917703364,0.09079134657480428,20
121060536,0.00016425276109234278,0.0003272549117886642,0.018447509243175526,20
74159951,0.00016407433484020296,0.00019473563625976265,0.000650720100923628,20
214095868,0.0001640068476327139,0.0024927436727743622,0.38588308156848167,20
39224755,0.00016374968017849323,0.0007463715145917371,0.1694213063379858,20
46352122,0.00016366370085319493,0.000419857806745397,0.04872328370004223,20
126585449,0.00016362931585299224,0.00047078946535671485,0.0682999166329184,20
52466430,0.0001635314368314378,0.0004687957497301762,0.06762747596684038,20
34620512,0.00016337562908511072,0.0003684358554083526,0.031001553233591574,20
34334556,0.000163307148398556,0.0004606533465118294,0.06468633829701545,20
61464142,0.00016328426133598305,0.0003630260155502452,0.029337154524407143,20
89,0.00016326113860725688,0.0002852975359877535,0.009590949814152396,20
81267738,0.000163203143965418,0.001190912823569728,0.27361660397439885,20
26429117,0.00016317470783798195,0.0004912347589841537,0.07690498008877396,20
127930392,0.0001630671810503803,0.00035485903131999235,0.0269419669853623,20
33499109,0.00016303938521352034,0.00022884705149889465,0.0024315579365317055,20
99040103,0.00016292533154231293,0.00035433853895317776,0.026877048271436225,20
176405898,0.000162906649820449,0.0006583250347163766,0.14112845635926802,20
70679237,0.0001625297029971162,0.00034675616207234793,0.02484557614338568,20
134625030,0.00016236093222650737,0.00035224306180261535,0.026610753640968106,20
9069336,0.00016227828978728764,0.00034701324888487226,0.025082271830826883,20
41254895,0.00016225863997125224,0.0008632187191252632,0.20550647807382416,20
48317492,0.00016225736161150085,0.00035129346421832174,0.026389047795289163,20
69474522,0.0001621612425175778,0.002684070649478885,0.394963811055123,20
102443273,0.00016208010829666387,0.0004467759814809514,0.06059819021127588,20
91516316,0.0001619922216298808,0.0002847216146257217,0.009895936414849984,20
6470057,0.00016183481179902204,0.00034932093657716,0.026066089012217693,20
95708037,0.00016179808996412138,0.0002115054958098578,0.0014321725565329688,20
71538137,0.00016169343523232959,0.0004979107674644548,0.08136673239104837,20
43849406,0.0001616619351204718,0.00046072593438237203,0.06655199162577885,20
15685080,0.00016099192175927368,0.0004140617427024343,0.04912244326559182,20
10838413,0.00016091458581047325,0.0004640243111492899,0.06871757526337069,20
23689283,0.00016082243797074235,0.00045514874862039565,0.06528418404445478,20
116342481,0.0001607847546150898,0.00046306809661412416,0.06848494924654515,20
66284399,0.00016076741481849122,0.0004039346489245665,0.04554389432948195,20
225284360,0.00016065468468557943,0.00041283590294763264,0.04898682927258784,20
185017750,0.00016047310847833174,0.0005970680468224225,0.12207140976124782,20
9019654,0.00016034735520237264,0.0003386702902926862,0.023821380539899288,20
6067603,0.00016028326817167925,0.0003403832093029178,0.024371229775778037,20
131673070,0.00016025124261252467,0.0002220767232400027,0.0022180316418030743,20
91694384,0.00015955154585762244,0.0001526817450849707,8.279467820570073e-05,20
46507949,0.00015945445438586003,0.00038721342408843263,0.04059835120360987,20
30737905,0.00015945420130534239,0.000312031107045886,0.01697779293999032,20
100145443,0.00015935979331384574,0.0003546728557002029,0.029457881455688492,20
15022751,0.0001588437359731465,0.00023442793304682846,0.0034423015621095113,20
8999843,0.00015878115904557343,0.0006356936329339429,0.13895353849613673,20
40344920,0.0001583508807245837,0.00032076338387397954,0.0198771532830416,20
99834220,0.0001581556120376304,0.0005459606811722609,0.10533316225437944,20
42042628,0.00015798710221809898,0.00027579585685812987,0.009537165030279937,20
51,0.00015793847544361416,0.0005678462991614853,0.11433930085382744,20
18229923,0.00015793280642316664,0.0007162077172495738,0.16822311017945368,20
39662308,0.00015764985023848378,0.0002178365502266844,0.002171660677800139,20
66349799,0.00015757563226243554,0.0005166445191799739,0.09425562167327743,20
460878,0.0001572763715726122,0.00019797271069442923,0.0010622905351439596,20
72414705,0.0001572535405300335,0.00029961570501113176,0.014951890614621677,20
34442898,0.00015721780632409476,0.0004984419004662934,0.08726361746337663,20
78197805,0.00015664649221416304,0.0006991904060983296,0.16448232350225228,20
139166114,0.0001565334177066169,0.0005492508168849136,0.10892108273360332,20
187631817,0.00015637922870773147,0.00029392512232357423,0.013989979891830095,20
81400350,0.0001561996008160982,0.0002659390460110293,0.008304701223089062,20
27129355,0.00015609065985391912,0.0007827725189761725,0.19183366491038978,20
26285874,0.00015584356851979785,0.00047045669708869716,0.07744191591199993,20
12022067,0.0001557670900165231,0.00026733122918242986,0.008684436371257955,20
78498995,0.00015537120138826022,0.00043675382186477064,0.06406421486252227,20
249058569,0.00015532494861357217,0.00034070564832647693,0.027814406858196708,20
6616249,0.00015527408561948896,0.000533871266970574,0.10445810464706742,20
7218080,0.0001550086909657078,0.0005480176833854893,0.11059065874004019,20
177084422,0.00015497540895535457,0.00035101624048560235,0.03152210335591096,20
55521717,0.0001547018353657892,0.00028349411424939404,0.01231866024330482,20
68752166,0.0001546303026228768,0.00034290719755561584,0.029044085850998925,20
101927864,0.00015460016254158492,0.0006349922743117059,0.1449256462777708,20
132770487,0.00015429804802566394,0.0005231929785385077,0.10143858518665139,20
32646667,0.0001541643558021777,0.0004298613604988775,0.06261773390667702,20
140280877,0.00015328737294433847,0.000665799540210947,0.15805856236978744,20
80166420,0.0001531759713886749,0.0002785838765239781,0.011850048451837226,20
132857710,0.00015308052938148853,0.00045686382734060445,0.07522113599181116,20
80715054,0.00015305023852393295,0.00032850324561789626,0.025471159328990522,20
18153882,0.0001529500230413594,0.0004911060850756144,0.08988234718189117,20
9200183,0.00015256046725408144,0.00031047058754780726,0.020290968872087443,20
156788177,0.00015254805954457719,0.00024238879698448845,0.005533503851399484,20
50758040,0.00015250311074663792,0.0004840313291317717,0.08749138909991303,20
101351995,0.00015226741356934027,0.00020773808465750126,0.001978385185646711,20
5416678,0.00015212935616155666,0.0003451625534564155,0.03172916096800242,20
69797291,0.00015200413668877699,0.0006259806393104418,0.1455438999537204,20
108204013,0.000151996432976087,0.0004118647209343927,0.05764558083910519,20
9473971,0.0001518472044158725,0.0004683366562350465,0.08168506647495422,20
210864825,0.000151743845850838,0.00025390403996306557,0.007523757675990276,20
109940062,0.00015156042445028107,0.00022643175755337352,0.0037351067053166564,20
113807911,0.00015153985282644332,0.00020770509981425002,0.002046949934309383,20
119459916,0.00015144263705328952,0.00041685353888998034,0.060347359468686114,20
21246865,0.00015129383308207234,0.0026640200126977313,0.40111979547834703,20
66685639,0.00015121694022072197,0.0003300494196335823,0.02726598142301948,20
5415344,0.00015118111603190098,0.0003290753273870306,0.026969132235458815,20
109739942,0.0001511217175792112,0.0003053541693541727,0.01965620043771027,20
26685539,0.0001510802386172072,0.00030902254917702807,0.020750564196656926,20
66665292,0.00015105982120928175,0.00031922782194764146,0.02387598944825032,20
54318303,0.00015063285625885325,0.0002305931096211089,0.004378530168362604,20
91115213,0.00015058997976052924,0.00046506532495942343,0.08194597641823029,20
123674904,0.00015013997013874625,0.00037311569473917876,0.04391557129151001,20
45507101,0.00014984355424261243,0.0009445585592961311,0.24332932482106978,20
61900579,0.00014961138907972348,0.00036971444388456587,0.0430931725122025,20
17223916,0.00014955935753638294,0.00023667998033885803,0.005397347541890432,20
18844802,0.00014950631595661012,0.0004367971634594118,0.0711598607802178,20
71156024,0.00014938359832433745,0.00043234242487961066,0.06939346035790564,20
462684,0.00014871025954690809,0.0003257673729592016,0.02766859362199991,20
2884552,0.0001486635397758951,0.00037714899744652555,0.04700507927165279,20
14441022,0.0001485939066664943,0.0003395640304473254,0.032601307248624464,20
145970207,0.00014856269965903834,0.0007399965927822568,0.1902559296332335,20
81951005,0.00014854557908287603,0.00035649434765972697,0.03896376995853777,20
150773539,0.0001484187317923491,0.0013914197958590547,0.31939087749877754,20
10079726,0.0001483803724297572,0.00044381400610263636,0.07564744144964441,20
6815583,0.00014837611792888893,0.0004221710314118273,0.06625350486935871,20
71470649,0.00014837255639325587,0.0025777622461723554,0.3998146647826729,20
25664183,0.0001482385497217409,0.0004021861716593031,0.057859279320669664,20
7466155,0.00014814460406977202,0.0005179585160583982,0.10813109118884881,20
106135316,0.00014806421984789875,0.0006452564667550694,0.15884242456452963,20
190636014,0.00014804336225215375,0.0004330303155857451,0.07138085028291263,20
68479388,0.00014799219754598746,0.0004421534483713017,0.07542904605181924,20
151782689,0.00014782065354591035,0.0003126461896183412,0.023960735325085525,20
5815474,0.00014763774802898367,0.00027166795959514397,0.012580199812377079,20
98302362,0.00014762437452807143,0.0005365004833294121,0.11675252306565062,20
14222782,0.00014754702920904416,0.0005457449547215876,0.12073134978437289,20
73161393,0.00014731984553449374,0.00028335306438271186,0.015647515920806886,20
112126586,0.000147049018661094,0.00030165463747376875,0.02101762761623368,20
19821185,0.00014704423854462468,0.0005385424071761433,0.11849673209490082,20
20004068,0.0001470063778510944,0.0002926271302514773,0.01837110556578424,20
4267730,0.0001469054493127564,0.0002511520815849195,0.008499589077109735,20
49849425,0.00014689250528031051,0.0005947415235894744,0.14157285282979737,20
133388628,0.0001466444552493895,0.000309177705933407,0.02364350401963983,20
55855793,0.0001463880520328975,0.0006131755330232036,0.14952463690360113,20
15,0.00014634966744361821,0.00036074277978580407,0.042727534197962526,20
23482110,0.00014632465849827027,0.00047228295813791203,0.09096369342570058,20
92335639,0.00014596782282088605,0.00024994556380897954,0.008575297264964095,20
80091981,0.00014573055014456272,0.00034774217112387587,0.03818452146932711,20
4266030,0.00014549824323351613,0.0008567709571694941,0.22844712231652597,20
142846522,0.00014531388078591333,0.000263209684429217,0.011602898490178103,20
35057082,0.00014524607695193815,0.000327942140952174,0.031143747873138537,20
38943728,0.00014509604535190568,0.0002964670445230936,0.020653710854358947,20
138564590,0.00014496218881991375,0.0003004205603752117,0.02197048066241752,20
28293117,0.00014485746418073652,0.000340388978183997,0.03613976464131535,20
103535281,0.00014470959748856814,0.0002537965789507281,0.009781181315064105,20
150375134,0.00014423316948474762,0.0018441155639798716,0.3651764183314911,20
130185176,0.0001441634136758019,0.0004051283038569482,0.06401108810425148,20
34438244,0.00014410576963297395,0.0008646338963374109,0.23258879648362263,20
52845548,0.0001440912329192523,0.0005255141173103934,0.117548499885467,20
128478326,0.00014397708207551928,0.00044996794280126225,0.08434249966906066,20
61690161,0.0001436575629964798,0.00020496457373367878,0.0027293336491405183,20
410468,0.00014363093764380164,0.0005028318431372405,0.10841835508639368,20
40743662,0.00014287880263225695,0.0003372892961391595,0.03674560532490895,20
166907409,0.00014276840373004252,0.00032118304632112224,0.030713576300547486,20
110254329,0.00014253653831807766,0.00036037671759981077,0.046487375546543794,20
101327452,0.00014244826121597164,0.00047977783038080375,0.09998870320727041,20
25360423,0.00014180195095493952,0.00045093341425691717,0.087886749217752,20
10819726,0.00014168475260126768,0.00038676461159901086,0.05890754579770666,20
207661231,0.00014143336388286465,0.00017393984558311003,0.0008784177306877725,20
7596972,0.00014118422110396823,0.0003327628556291663,0.036537105484623446,20
186430061,0.00014094438120282327,0.0004070646627568166,0.06900401610733985,20
110135341,0.00014088195962421723,0.00016916018578135814,0.0007185303914423731,20
127357644,0.0001407999397686932,0.0008296235479558224,0.2285857791422029,20
9619805,0.0001406881065529053,0.0004186357527272065,0.07464951952993747,20
10,0.00014065232904674206,0.000281910385687066,0.018954020762389768,20
2863653,0.0001406011392939055,0.00029928597324688856,0.024610432038240582,20
195028693,0.00014056199763595734,0.00029304463180811424,0.022541558349945496,20
80506234,0.0001403358423602008,0.000298746290465753,0.024619015566297215,20
167799660,0.00013986200424302432,0.001879363686611069,0.37145877044183795,20
54249089,0.00013973909768498217,0.00028197124885990296,0.019537007354613126,20
38299804,0.00013959741314243935,0.0004849970598280333,0.10673893470682286,20
60657101,0.00013949365990850726,0.0004424421551560952,0.087353014596859,20
49321410,0.00013947438561466298,0.00039316801818454485,0.06456800845041696,20
9267597,0.000139443015473123,0.000571318442678692,0.14434537327697394,20
60526281,0.00013937124314727933,0.0003944016002354445,0.06526700767961809,20
177009058,0.00013930532962674324,0.00043011517276511315,0.0818995047175639,20
175215287,0.00013926157854243226,0.0007991553083428713,0.2226955697943851,20
200051390,0.00013911063948650603,0.0006055933399872884,0.15859208504519381,20
2812203,0.0001389067821865986,0.00029180444573718756,0.023283947922328838,20
22824556,0.00013890337547148301,0.00035962720602444284,0.05016486281981011,20
88298669,0.00013815776817256432,0.0017569009728233347,0.3644755920227921,20
43926428,0.00013805846271015,0.0007872295634782894,0.22126947671891517,20
90878676,0.00013803326952279148,0.0004943099370936075,0.11344984797515739,20
56484269,0.00013792923356863995,0.0005600983454697427,0.14226060995619372,20
132481923,0.00013775756062324175,0.00038509080816031177,0.0630691507007815,20
107733993,0.00013762247567632445,0.0003328852775477048,0.04004857374738339,20
145574844,0.00013732754018836447,0.0005735136444660235,0.14882584811796618,20
127189344,0.00013701322300948003,0.00023320810826508762,0.00829169848768957,20
9867992,0.00013688185569747934,0.0003882067350592101,0.06566415357124156,20
104839410,0.00013682687142019256,0.0004964694520193702,0.11639463404511269,20
148652302,0.00013677217742331105,0.0006622185962873084,0.1836232380864224,20
244725653,0.00013666136650388182,0.00041449118081249693,0.07836198771856173,20
23693090,0.00013651529259322558,0.00023529275512870317,0.008892516540035509,20
40058846,0.00013634146388527557,0.00043225644719912176,0.08726395563527606,20
3812539,0.00013609039424953285,0.00061446927104667,0.16719518731074023,20
88331478,0.0001359489977518169,0.0004877941907530201,0.11388477119620144,20
91101805,0.0001359168999793936,0.00018156347782905305,0.0016902833813351626,20
216070428,0.00013575146015254447,0.00021145101539455415,0.004889762753074455,20
83998810,0.00013538181375668534,0.0017581401504545818,0.3671761775401976,20
153457786,0.00013536978382746033,0.0003625261108212003,0.055663301879701414,20
133161694,0.0001352507734882047,0.00036806343721575954,0.05837753479732724,20
119259474,0.00013473153940944947,0.0002328173340568346,0.009019965003048944,20
14822966,0.00013465265583196274,0.0005457575623054318,0.14181806044036052,20
127155710,0.0001342422036711699,0.0012490021649305609,0.31812202450836263,20
30240334,0.00013416394262761867,0.0004965351112702805,0.1208645059282607,20
83397458,0.00013412630226371513,0.00033343033336328696,0.043964263791585995,20
5016279,0.00013405199169317928,0.0003615444754817977,0.05685177678883196,20
121472578,0.0001340511008939671,0.0005329904993812696,0.13734666104980672,20
59,0.0001339870637708074,0.00046719665027556887,0.10753643162414915,20
57356184,0.00013394379096408614,0.0004492986983732542,0.09911244328448626,20
64275001,0.00013383230038163663,0.0004070810810230905,0.07892855821977497,20
146170911,0.0001334383994612831,0.0003777060740427078,0.06531187331117642,20
63874650,0.00013330159038798527,0.00034798559075507136,0.05148012303093632,20
131993458,0.00013322618181071944,0.0005098511868949163,0.12851188722477042,20
114102167,0.0001332150421519185,0.0002570808279253165,0.01589880133750737,20
26890144,0.00013268461135839681,0.0004700222445643885,0.11102992362480908,20
48008792,0.00013262086886793313,0.00030338745141345383,0.03273300064473624,20
99326055,0.00013255724638272515,0.00040917049667035473,0.08184597825243148,20
4469544,0.00013253553113270477,0.00044903260336980007,0.10126140582986308,20
131072788,0.00013237535702578795,0.0004170205030820566,0.085962439483988,20
74563889,0.00013233783176835323,0.00035067685366584495,0.053909565873625345,20
35304934,0.00013222902309927286,0.0002418007166562445,0.01218630908270855,20
19714903,0.0001322053976857862,0.00044141542762466643,0.09811860232340477,20
37258597,0.00013219379068664107,0.0003540896835900179,0.055695892470515596,20
15224724,0.0001319509193968338,0.0003162083509039869,0.03876478838417468,20
95922114,0.00013186055344202585,0.0005282417587978265,0.13909772871799636,20
25089024,0.0001318224580806826,0.0006223182655630201,0.17768737415808628,20
27468857,0.00013182172573038,0.00048814697332036643,0.1209948548215762,20
71481565,0.00013165357018084521,0.0002977678530163257,0.03135092642213178,20
53666823,0.000131431495478862,0.00043859415939225417,0.09800290497615573,20
16224134,0.00013125557570587977,0.0003655039849468432,0.06238509927106315,20
3602977,0.0001311687972755382,0.0002538635394768437,0.0161183624660251,20
107002021,0.00013103828489441916,0.00021965780820103472,0.007602754663206032,20
16476352,0.00013065980382397923,0.0005844545356392141,0.16498928029833748,20
109452834,0.00013062117678680485,0.00030406352261656356,0.03492175656333593,20
13240557,0.00013024086400860723,0.0003207766097821195,0.04261097276901467,20
79309746,0.00013018284656268753,0.000391592552111989,0.07674545276880125,20
37573048,0.00012981851922074794,0.0008994619612430471,0.263174166641631,20
35449778,0.00012964705060350412,0.00032741553458505657,0.04631509489402442,20
6996880,0.00012953514032050252,0.0003907890072239209,0.07731769908104041,20
22628385,0.00012952144214893878,0.0003167894546335023,0.041612141422611944,20
54397690,0.00012950320238832024,0.0005072859728390425,0.13388696699360464,20
75240194,0.0001294504306162514,0.00033924740125093286,0.052105228011598254,20
109734745,0.00012933419329718142,0.00039962384636193707,0.08204745526105586,20
79044631,0.000129135229976296,0.0007992485547359523,0.23937330963929448,20
72691405,0.00012909813003726401,0.0010003046477979063,0.2853009913640491,20
45655893,0.0001290730576669119,0.0003185395146246114,0.042901414410303346,20
134153709,0.00012906719706858304,0.0002485454836292125,0.015737894649305174,20
94498831,0.00012900396235628885,0.00027630181807910745,0.02524863613786277,20
45599086,0.00012892509210951086,0.00047513457724018273,0.11990666776854655,20
81512894,0.00012887395351283138,0.0008767282102032759,0.2594114744267757,20
212666750,0.00012838227619208498,0.0003313272844785837,0.04966089993050916,20
10270925,0.00012803808905756942,0.000141235407973297,0.0003384483143908137,20
18024573,0.00012800031167516378,0.0003164529130872915,0.043158861507729455,20
100315894,0.00012787962260670248,0.001129926169903201,0.309292131132199,20
118611118,0.00012779772891352014,0.00036595521013688457,0.06742522676051674,20
62087912,0.0001276829866232565,0.00029418555842675593,0.033620047786007926,20
43885399,0.00012767061539215586,0.0002990464647024587,0.03572326709602983,20
19445170,0.0001272310003505528,0.00041582362413774095,0.09358278464920995,20
103131752,0.0001271107851299691,0.0004062391865723568,0.08891642830511094,20
29564744,0.0001269255414591275,0.0006382333606859951,0.192462213328704,20
114950706,0.00012684548995567368,0.0006683819427869478,0.20330129008433528,20
40977362,0.00012679371814244833,0.00019818800937561253,0.00499802162825016,20
135963464,0.0001267315657825563,0.00033311861963698997,0.05259006334918075,20
81682527,0.00012672936277629553,0.00013496725488285877,0.00024311612170230463,20
50249669,0.00012671752287020112,0.0005107331981391054,0.1405139827592239,20
125476111,0.00012647742559387387,0.00018797981371183618,0.0036085141450100384,20
3664025,0.0001264640364017411,0.00039644470820932997,0.0849621735926526,20
113738412,0.00012629390932915042,0.00039000980809625064,0.0819345652192565,20
81150102,0.00012597606516865368,0.00025610554127243536,0.020198515560333384,20
78909498,0.00012591990615285487,0.0006729179502165006,0.206539778584457,20
95144375,0.00012578222456323672,0.0003239764721905295,0.049350699345614146,20
146777309,0.000125354047805204,0.00023138284472412577,0.01278013523965035,20
58457964,0.00012532776725059368,0.0002448217250655994,0.016839501902589253,20
42442710,0.00012488909564652427,0.0004034811917802451,0.0911623913856278,20
197431932,0.00012414770401478203,0.0004133739097024588,0.09753107449783076,20
60664655,0.00012407473354917876,0.000352578804024849,0.06602220809655093,20
67295483,0.000123930739080369,0.0019104866603322887,0.38744048598937997,20
62727746,0.0001238809188294554,0.00029050404481787627,0.035873096819082344,20
38139802,0.000123854853943145,0.0003884490151354333,0.08505822475194222,20
125515263,0.00012373995027278317,0.00041762774572306696,0.1004333106353403,20
1865468,0.00012364029685478782,0.0004397220763634027,0.11191075589633098,20
2463592,0.00012352934695673002,0.0004243644499231509,0.10427287225429445,20
134424750,0.00012317374177123197,0.0003683863668884529,0.07563000253959865,20
83104166,0.0001229283678140014,0.00036506896161467295,0.07427058462964044,20
65871131,0.00012288111339626152,0.00029771716042543733,0.04027763316015518,20
21317811,0.00012280150400466593,0.00043308041255082366,0.11004250773891568,20
79490928,0.0001225910160072563,0.00022934606967439278,0.013670803805981093,20
209663702,0.0001225854310707708,0.0005173500381280764,0.15129104757761117,20
36240445,0.00012230016075899796,0.00048304641750610325,0.13580268200479786,20
27290772,0.00012226462150660144,0.0002842867204048405,0.03477586860088048,20
20291078,0.0001222281421744742,0.0006559161948530936,0.20749508275154877,20
53466772,0.0001221479636659084,0.0002153049625758096,0.010049414288785597,20
33733692,0.0001221255939945931,0.000339868648913032,0.06227509243903223,20
71659609,0.00012205996158143884,0.0003305470868406673,0.05754330643505,20
127357767,0.00012190967374423045,0.00021636371444470746,0.010424938078702664,20
14023513,0.00012189081872332475,0.00032435712188651244,0.054604320859580106,20
56955847,0.00012156791522465183,0.00028127657480072444,0.03414909420168431,20
155497657,0.00012128936008003466,0.00032827118211923233,0.05744544410940372,20
61019422,0.0001208830143429318,0.00031502301457582237,0.05120392882168472,20
132657680,0.00012087800662339831,0.0004649553438722249,0.12968252956759801,20
47116823,0.00012077281617556279,0.00038752467113643455,0.08974119736861139,20
122339338,0.00012073626134406212,0.0003181209651052429,0.05297950504086844,20
30815684,0.00012056330578371632,0.0005086308075398719,0.15120550688268478,20
86317533,0.00012050785134091746,0.0005122989438865628,0.15300271610620592,20
113967276,0.0001203421200294319,0.0006566842534976765,0.2113170277442753,20
209286671,0.00012000186959417735,0.0007797101537038019,0.249794988168501,20
126529036,0.00012000172830123335,0.0005134780723689716,0.15453348493227492,20
10268017,0.0001196199099728068,0.000504360482018761,0.1510702972730255,20
152294476,0.00011946113176924955,0.00015900198027391942,0.001644377477954809,20
37902580,0.00011929865715877286,0.00040431929702150146,0.10133275990316555,20
91879560,0.0001191436848877847,0.00030289864717648597,0.047328184380290975,20
25227422,0.00011875776507681568,0.00019887084172179862,0.007558737948931465,20
90693537,0.0001187098486887972,0.00031085297196228873,0.05197715932868032,20
110445571,0.00011858635085516544,0.00018237543466797685,0.004510082502493841,20
29333063,0.00011856997561028315,0.00029261695743982387,0.04290042830362648,20
122013372,0.00011827926391498878,0.0007494993104709182,0.24445291186087748,20
15836720,0.00011809891409531593,0.0007780059208227965,0.2527072785491846,20
53752080,0.00011799432790740583,0.00026260335986716865,0.029455216872248738,20
65053999,0.00011797203109760179,0.00034328516056349255,0.07040503898509483,20
79303782,0.00011792835509453204,0.000318908585183578,0.057303886229497725,20
115129936,0.00011785112880084436,0.00028659699093444265,0.040800285981476704,20
72559060,0.00011782168802993432,0.00028407044014628003,0.03959995970979816,20
133482446,0.00011778226167649119,0.00042141678770905145,0.11325255150250664,20
31366575,0.00011777567613338035,0.0004040815546971502,0.10399403146635029,20
220074442,0.00011772059931974276,0.00014039916923575132,0.0006783679073902149,20
155382134,0.00011716291439189396,0.0003646243892000526,0.08348988390231842,20
22423779,0.00011691499874367794,0.00021584486808940426,0.012791847577763693,20
15025658,0.00011643215883950231,0.0007379277110987937,0.24449155921186194,20
5814813,0.00011638694397342331,0.0005663892203019179,0.18481402126070173,20
121087682,0.00011627338818316902,0.0004434898295548379,0.12774467920674176,20
161189344,0.00011598400352417216,0.0004975109460592427,0.15511332929482174,20
19057859,0.00011587968292197658,0.00019284424380690962,0.0072916201831819795,20
70899677,0.00011584160359636164,0.0002406149801163897,0.022186018301535174,20
148172675,0.0001154037215837178,0.00025850346283286723,0.030205823870688313,20
178007676,0.00011539139184623126,0.0009041234656216611,0.2874225980952509,20
96946291,0.00011538554045392724,0.0007998268324413616,0.2632676286364256,20
118010525,0.00011517482937616342,0.0001900873499787227,0.006947827654552541,20
89911721,0.00011509229459416014,0.0004437256522993987,0.13021515475312248,20
2063472,0.00011505291008678253,0.00022003228146660455,0.015224647635851372,20
179086833,0.00011504719502263838,0.0008558932211243373,0.27742766034082744,20
172806217,0.00011501296260821859,0.0005557484065517682,0.1831524417312302,20
142645903,0.00011493988897809949,0.00018638242501298156,0.0062591104634619164,20
133259399,0.00011474550389771187,0.0004513727585857811,0.13486166805154368,20
34369202,0.00011463326027329468,0.0003292717071500683,0.06799293883807062,20
78,0.00011453046943426525,0.00059911023036475,0.20162160087708714,20
14338286,0.0001144378635911214,0.00016812228984478445,0.003337909723012526,20
41502405,0.00011427664499912283,0.00031585257950963503,0.061068038223603724,20
51350678,0.00011427599230448004,0.0001950301732866994,0.00841758841925815,20
21430876,0.00011420581812460751,0.0005551136996742998,0.1845351677425442,20
146376980,0.00011405680078701574,0.0006382516084933782,0.21703200298143382,20
248528837,0.00011400754788040146,0.0003893526104634201,0.10298991067019272,20
17877458,0.00011370765142533768,0.000401541049029538,0.11033618087034573,20
68657171,0.00011354476384141665,0.00022578590795251175,0.018284604291486452,20
22242761,0.00011336237628764012,0.0003805992164141255,0.0993034592381131,20
198647108,0.00011329420798806278,0.0004994532286848609,0.16155804905267507,20
90513818,0.00011318687142466421,0.0004349088538029979,0.129437780687381,20
39058157,0.00011276510634343762,0.0003983108025016132,0.11039086187203762,20
86088192,0.00011275142694980311,0.00021395627208735046,0.01466021684694079,20
103355145,0.00011270623083251552,0.00025944295366639263,0.03350647782794065,20
29133969,0.00011268751796752463,0.00035167551072756215,0.08405278936806532,20
34252986,0.00011261113104030218,0.00019513867476436675,0.009160063779343737,20
34898549,0.00011229577460690199,0.0003805202492095977,0.1012956493624797,20
141169968,0.00011229323731119511,0.0004389487298361385,0.1334008545538411,20
46145480,0.00011226074191852397,0.0003585392613560216,0.08877822410368949,20
113348661,0.00011224020019465208,0.0003525405647415605,0.08535761446099116,20
96848234,0.00011213263066255918,0.000472051710553016,0.15070246884012264,20
21022038,0.00011170496314109601,0.000513523633925365,0.17143593574239246,20
20804464,0.0001116745812956621,0.00030516923688485,0.05909106704593525,20
95306804,0.00011091545458994379,0.0004856983313006087,0.15997755023959653,20
18029810,0.00011091487586032401,0.0002635111631451188,0.037596093535484584,20
64453699,0.00011086018028225731,0.0003712639665355067,0.09876404218964581,20
26122324,0.00011083224559932937,0.00031548089931605916,0.06633012336921572,20
63081673,0.0001106941089625113,0.00036283055433756865,0.0941956600978553,20
36478027,0.00011051596545471054,0.0002994480230727451,0.05763587446545709,20
76162177,0.00011036250112062552,0.0004223234054404802,0.12849588553482136,20
57761261,0.00011034409595181427,0.00045637543114248767,0.14655118972990394,20
177607116,0.00011020293953528659,0.0002721646209517528,0.04300516653689825,20
117256095,0.00011018435541318983,0.0004289853295323432,0.13247560898783814,20
22223555,0.00011013311983311125,0.0006215866791428977,0.21896193502283312,20
127757768,0.00010990455772599272,0.0004250944347331548,0.13095903293620512,20
9469846,0.00010961271058280708,0.00045199131541177656,0.1458478348534891,20
56059739,0.00010961171630188837,0.0005518720611572057,0.19275761968169858,20
136029849,0.00010958270274097904,0.00033483792590518476,0.07982582321947011,20
260871,0.00010941888226295715,0.0003377375543178417,0.08183964167155991,20
59725289,0.00010937996671899209,0.00041941424938715476,0.12896269361270746,20
114415368,0.00010936326435505017,0.00034544429185925853,0.08650614695423897,20
61804683,0.00010934587601042489,0.0002938178828876416,0.056226047656798575,20
69480593,0.0001091600733184761,0.0003827734932794798,0.1087758157261903,20
62691829,0.00010910843772394264,0.0005099229177625305,0.1753168042601841,20
105440616,0.00010908320845650631,0.0003766017295909193,0.10535716637346917,20
48954421,0.0001090210787313528,0.00038144490780325703,0.10828962105435212,20
105203595,0.00010887170502603683,0.0006863850112835039,0.24335999930806845,20
34056713,0.00010884971478781757,0.00027492616235626617,0.046333264184473325,20
24719462,0.00010883068659204299,0.00048157289923154783,0.1624392018639752,20
55282556,0.00010876732561145852,0.0009453795193859675,0.3064088481536116,20
75994808,0.00010874638283913108,0.0006623426118835271,0.23587909338170132,20
58615697,0.00010832617433897406,0.0007984944826931026,0.27561456741101886,20
36296265,0.00010816796377884907,0.00020110175262997356,0.013251183338224767,20
76,0.00010815932935568374,0.0004965283071711561,0.1711061611974397,20
7421019,0.00010808955997017033,0.00033167719245034624,0.08066617336983638,20
130391352,0.00010782595058888566,0.0003698980138774569,0.10396657465311071,20
42140266,0.00010780272217268405,0.0005707311277118798,0.20438897995812888,20
76288754,0.00010778118057221952,0.0005240354268528226,0.18460205173761673,20
218673765,0.00010764663835294286,0.000300516882304198,0.06283192357942978,20
103529452,0.0001076354762740539,0.0012232737681794246,0.349164837628956,20
47354324,0.00010754617532024446,0.00021489063900351828,0.01869051733966819,20
53997302,0.00010733471147165164,0.00030778645544890347,0.0676812594339262,20
151374545,0.00010729540900271117,0.0003631394822920222,0.10103593329299243,20
10087712,0.00010710725660150743,0.0005555118503771672,0.19964733724208844,20
26841658,0.00010706844571107266,0.0004501372085205878,0.1503919587047197,20
13413926,0.00010684501993755147,0.00027214818652169197,0.047619614450177226,20
21687331,0.00010665466049392114,0.00021396102466650824,0.019031238134964736,20
49721909,0.00010646442266513678,0.0002532377778667189,0.03775518239854577,20
20846666,0.00010644500924670841,0.000473051241509865,0.1634553921213301,20
51855539,0.00010629673855075406,0.0009008851945112368,0.3019170453078583,20
75888143,0.00010627156389527714,0.0005096256824362525,0.18137148151676036,20
91301840,0.00010604631453151048,0.0003631570991059658,0.10358556290306795,20
50157622,0.00010601327191233633,0.0005054742659302657,0.18002246676297612,20
103997796,0.00010583985160890763,0.0004284875235876314,0.14155153635429726,20
119669993,0.00010580204788806502,0.0008580465915537583,0.29387971776387967,20
87511501,0.00010580024971129087,0.00031615912797272025,0.0754668109074744,20
109405015,0.00010576140997032857,0.00047095603684642237,0.163927764104571,20
32332162,0.0001053988469850442,0.0004083473050616352,0.13134369178165559,20
87730607,0.00010537014885507179,0.0005448733170766819,0.19895665910463828,20
80399178,0.0001052914450711151,0.0002979189918752016,0.06524184482066073,20
158800291,0.00010517658883530401,0.0002835254053937416,0.05676792967690453,20
93898727,0.00010505830500010527,0.00038217341503036845,0.11696919562340592,20
43461665,0.00010500679538936187,0.00021736480183458305,0.021860742125956057,20
109644610,0.00010480100315165552,0.0005618581025020843,0.2072755883149977,20
48652015,0.00010462618415283953,0.00035321880509491747,0.10049487682207145,20
30420563,0.00010449318601070679,0.00022237434564804893,0.024586664976903313,20
111144317,0.0001043732699607669,0.00021087632171473756,0.019648419312238194,20
207461159,0.00010427967001433447,0.0004347162308993746,0.14840451746536304,20
120536587,0.00010405155894587791,0.0003395813288235639,0.09328198721056129,20
86889156,0.00010338201899176002,0.00042814856676542284,0.14686216420766549,20
22831714,0.00010325017711544926,0.0002496550487336107,0.03999869955507371,20
29831521,0.00010324891167796668,0.0007570647880791655,0.274572770725403,20
28637852,0.00010323633102866658,0.000612613763760695,0.2301533360601602,20
30670163,0.00010304271533521093,0.00021755729272116353,0.023784721119023765,20
187030557,0.00010301807377834371,0.0004259642833626094,0.1464900120038289,20
101089592,0.00010271698498239834,0.00021124628244060118,0.021251467949766026,20
19645191,0.00010259071017955646,0.0005805049314603941,0.2195398750089838,20
34569215,0.00010258853390594513,0.0001774305905755081,0.009063987068949796,20
126184880,0.00010238359467510394,0.0005229821273908386,0.19611659853736968,20
178408795,0.00010210851570559565,0.00017812318884796602,0.009500457830127377,20
69139893,0.0001020676887213634,0.0003023902358639876,0.07380994621458771,20
56199305,0.00010204369677209724,0.0004233558986417393,0.14727771049927188,20
123074371,0.00010185035574309942,0.0004097926009206169,0.1401082377614861,20
54721055,0.00010168620000826634,0.0006163423735806843,0.23481725452510238,20
115520416,0.00010161823442860762,0.0004541636594523669,0.1647895274549479,20
98486309,0.00010152216319792018,0.0006611443480087003,0.2502777313297455,20
7870148,0.00010151176427005692,0.0005455682122580579,0.2078408936645058,20
41339487,0.00010124342029185218,0.000571665003306348,0.21906107379260803,20
108521930,0.00010112055004553033,0.0003355292022318654,0.09678801983310995,20
13070453,0.00010102633424318164,0.0004489690315487719,0.16345479959678927,20
66750173,0.00010076924666764242,0.00030681219242655695,0.0791213430015769,20
19681743,0.00010076842729055402,0.0004067020151937046,0.1408331837898616,20
35643920,0.00010066145468991539,0.0004175039257897581,0.1472118205761791,20
239297788,0.00010028258918604038,0.0003104905558981726,0.08245582307484595,20
151793106,0.00010019502696005933,0.00018623414394290303,0.013235292783100438,20
112100743,0.00010005179958272326,0.0003869732610487759,0.13095177665533306,20
149182665,0.00010001096225918382,0.000540979057139828,0.2093162849216738,20
28630797,9.998912642317226e-05,0.0005112882564689226,0.19636058441037046,20
30844575,9.995773202182146e-05,0.0003145387528772246,0.08573126200771376,20
28044395,9.991610481834833e-05,0.0002985823001840065,0.07547105471335122,20
135763217,9.94133078348336e-05,0.000310487351778559,0.08420790421048961,20
9218004,9.936892755533223e-05,0.00043873727424048375,0.16191993963390555,20
118372432,9.92583524595303e-05,0.0001603005190031518,0.006108234740348928,20
57360857,9.924620739750201e-05,0.00031252489282452504,0.0858781224467481,20
109244436,9.903266281081624e-05,0.00044228558170187704,0.16461777601649108,20
218099577,9.892702516107743e-05,0.0003190952149402844,0.09082968523169273,20
96082752,9.871289071152201e-05,0.00034177971398330364,0.10598648034761332,20
149892448,9.87120754736559e-05,0.00046723248008669326,0.17830421807004743,20
35696096,9.856990861659698e-05,0.0004135431023091173,0.14990154812283912,20
38279587,9.856603231627736e-05,0.0010417689763784401,0.33847662642039744,20
82102184,9.845277558341859e-05,0.0007129933559793643,0.2721083240502522,20
142781170,9.823950760520783e-05,0.0005103375584745778,0.20001839977714986,20
185628932,9.803069757875482e-05,0.0008236412521080097,0.30035144155216464,20
83490504,9.798593223352969e-05,0.0005532741231484138,0.21906202450016032,20
48955929,9.791976328315521e-05,0.0002853796392318945,0.0706974199792989,20
35128715,9.773389768032991e-05,0.00044155098511391153,0.16733790246577473,20
113049803,9.764543720339747e-05,0.0004120308919100483,0.15125436511780732,20
46,9.762300353117204e-05,0.0002543674412858842,0.0511790213453182,20
164505661,9.746429805685409e-05,0.001096774853108117,0.3477457633258303,20
112537243,9.742152089771139e-05,0.000545030217619048,0.21697731268614656,20
106357736,9.735099050604545e-05,0.0003271295456766606,0.09949166219529872,20
133859879,9.724081046580957e-05,0.0004402181691811023,0.16781755871723258,20
89932275,9.699378004638382e-05,0.0002301751318501271,0.03744358617865399,20
160593498,9.699377161090372e-05,0.00038567107775888356,0.1373595818916713,20
30133643,9.692115711719685e-05,0.0002742272339317816,0.06523638258287974,20
19879796,9.68419410419863e-05,0.00035767610471980316,0.12040090913391008,20
89715224,9.683291092347779e-05,0.00028509507373558987,0.07261814339265861,20
153178787,9.67710101242858e-05,0.0002020434941729771,0.022682759803111654,20
66265028,9.668744090058911e-05,0.000301705322128436,0.08402792755790488,20
110609288,9.660263943865877e-05,0.0008157830430706424,0.3012693934999289,20
117952617,9.650502620853763e-05,0.00028761986191094455,0.07495553768928166,20
73483057,9.641909849502638e-05,0.0004922418387325284,0.1959877789608404,20
79080775,9.634950212163429e-05,0.00022781484433736103,0.036958401005219126,20
130254679,9.624384111497352e-05,0.00016175687481413995,0.007718032015812223,20
127878016,9.61020438705662e-05,0.0006456949398762613,0.25683010321934774,20
72282568,9.604890139777722e-05,0.000387674256835731,0.14084538460704396,20
27500325,9.602887349419165e-05,0.00023738742285322133,0.04314473582942465,20
1811318,9.5908462893185e-05,0.00045374634070951387,0.17819243541209567,20
86709439,9.580551798140657e-05,0.000528251088546767,0.21368107475745374,20
103,9.575193019165651e-05,0.00032898547461807543,0.1043031766935844,20
103844033,9.5666594655075e-05,0.0007025224280985791,0.27486975268907987,20
168609026,9.548029487979059e-05,0.0021289278494088845,0.4215827571930753,20
92724547,9.544290719057936e-05,0.0005019161029816924,0.2028438842246424,20
137364012,9.543794037532027e-05,0.0005071000823872623,0.205220579522848,20
113749112,9.519392491681433e-05,0.000319870525444205,0.09948453379219707,20
60166295,9.513041329858862e-05,0.0006535074554488479,0.26141989540393823,20
20822001,9.491713797882829e-05,0.0004659935235612249,0.18687528436482254,20
76684631,9.480911334127096e-05,0.0014032619352511444,0.38290918115137096,20
140160073,9.466963527896555e-05,0.00033402831352039595,0.11014849871960986,20
227886925,9.46410191842939e-05,0.00046361097249169653,0.18635764144073247,20
71070527,9.460204184125743e-05,0.0003225677388692047,0.1026453349892707,20
107095259,9.441036537219394e-05,0.00026214896977084145,0.06187816822691233,20
51449190,9.436477085969508e-05,0.00019285517717695087,0.020674782022149722,20
146378480,9.420051431047738e-05,0.00017102786606021942,0.011744642903694466,20
21002004,9.418522096786286e-05,0.00034546625863825177,0.11883539803259495,20
177610104,9.356540252046797e-05,0.00024369575802774275,0.051113999193047925,20
143944382,9.32405731730701e-05,0.00035426308914501814,0.12685596346567493,20
69925111,9.294531857733102e-05,0.00039470489268584404,0.15275196935239588,20
77434508,9.288665941208917e-05,0.0005264065240937746,0.21988719405960222,20
49864134,9.277550287745129e-05,0.00035883197524214105,0.1309527144384782,20
72740139,9.259979838487919e-05,0.00035098603328300614,0.12630657525625896,20
111540832,9.252500702238154e-05,0.0005099679657252534,0.21359416438993972,20
43428904,9.24185911637787e-05,0.00016666620366653147,0.011341077458613973,20
10268177,9.229699043135642e-05,0.0004055921479343704,0.16080637275074747,20
69540514,9.191518040355118e-05,0.00045887170735460476,0.19078449901291283,20
45352626,9.184025502507742e-05,0.0002375175724182614,0.049991282458009,20
105731198,9.17623746895968e-05,0.0003614285682688268,0.13515962205892698,20
89875810,9.158938126075378e-05,0.00048637909503624954,0.2050920673533928,20
55454659,9.148366432117915e-05,0.0005987975700796712,0.2513487024213095,20
80081005,9.131835499823215e-05,0.00034454015972326153,0.12525365060271618,20
73361464,9.130100733850677e-05,0.00021175809753194068,0.034455537532710384,20
22695564,9.111526658182046e-05,0.00033303747083210914,0.11804451366838496,20
188420715,9.098848340809984e-05,0.0004864868057304226,0.20665436386948327,20
64547410,9.090777490760038e-05,0.0005480920621663165,0.2336522195957127,20
90841271,9.079565663204781e-05,0.00024708571007506404,0.058377390975727944,20
73782191,9.067372486195601e-05,0.0004172642327805884,0.17167553918042233,20
61087371,9.039838884043472e-05,0.00022074009138358647,0.0413802890668959,20
67064654,9.027879804427985e-05,0.0005214129576205069,0.22413605210425463,20
40121121,9.025265909150537e-05,0.0002539225739789883,0.06421922798366984,20
26809628,9.02350493841575e-05,0.000494616108217541,0.2123420640448806,20
145286811,9.009652115307687e-05,0.00022781602025299678,0.0465033425005392,20
209687376,8.989676390667168e-05,0.00027644672295695793,0.08109500648440929,20
25284225,8.985896383653102e-05,0.0004060851933565626,0.1674030926739669,20
132081873,8.947559382621595e-05,0.0005735687565111834,0.2469246388929861,20
36299862,8.941183439408196e-05,0.0005984467901276386,0.2560317550094058,20
76501309,8.935089997474943e-05,0.0003839137447424213,0.15550903904804336,20
179810201,8.919016668751945e-05,0.000373915703970454,0.14972871789651968,20
44,8.908863999457784e-05,0.00046681552538883496,0.20201328803092378,20
51641256,8.904493687666992e-05,0.0006487518961109803,0.2733048723355051,20
40626289,8.899689866527227e-05,0.0004190818775986869,0.17709228316837783,20
50917233,8.87904861986255e-05,0.0005250136034113054,0.22936387897481358,20
192838994,8.864868180182838e-05,0.00090438132344616,0.3330327303157328,20
2017445,8.849888335211165e-05,0.00068431401937564,0.28490726242920755,20
69611450,8.829222383868184e-05,0.00040696969847492224,0.1720605798734695,20
32968152,8.8027303777527e-05,0.0003971183752770303,0.16699430069996918,20
169074253,8.778961968244347e-05,0.00034014931471507826,0.13136101337186887,20
23492856,8.767519702540527e-05,0.00011697459291871743,0.0016744572920675837,20
124714491,8.758937316102333e-05,0.0004523352232641961,0.19865339906434015,20
24847178,8.756643815411857e-05,0.0004524753290064767,0.19878572014808948,20
81483550,8.75209615312733e-05,0.00038485494312510927,0.16095993974888734,20
21886010,8.751579517296548e-05,0.00041007134073739124,0.17592727327279928,20
42748109,8.745793641394828e-05,0.0002113063619409393,0.03989111417086014,20
156984216,8.741338183663738e-05,0.0003064799302685107,0.10874839718643098,20
600257,8.725422266280259e-05,0.0003659737182497801,0.14984046713708576,20
128558502,8.719066458720559e-05,0.0004947947805662038,0.22019141231437273,20
105111400,8.696113227836255e-05,0.001252896492693086,0.3798171174781167,20
39884507,8.687761237057833e-05,0.00027835821164341604,0.08943874231830046,20
77097464,8.674055163399586e-05,0.000668225894453593,0.28419452654493205,20
149571929,8.663692623537279e-05,0.0003871761124179068,0.164770411504001,20
4195409,8.661461601082165e-05,0.0005025363471031454,0.22515402571011733,20
43049251,8.651129032944405e-05,0.00034313434101311774,0.13678074880384086,20
5614574,8.640268758653425e-05,0.0002539516626043778,0.07229325923910546,20
101289596,8.620094991296234e-05,0.0002677316745223146,0.08308733301762784,20
93115327,8.606830021655743e-05,0.0003865412722726597,0.1659358935009288,20
15823667,8.602923988891286e-05,0.0004576793836433988,0.2055076661625007,20
34876961,8.589943235037256e-05,0.0002741445690142298,0.0886263888722194,20
110361461,8.581088304119855e-05,0.0004907602049516015,0.22193536015277626,20
100927399,8.566117614010605e-05,0.0006753594149213061,0.28859739160143694,20
55468439,8.560732458176568e-05,0.0008430109372530011,0.327435518227401,20
73359534,8.558968699229341e-05,0.00025491453807059217,0.07482429555420013,20
119347329,8.556776964279699e-05,0.0011401238205804177,0.3704102544308581,20
48517615,8.555619112974866e-05,0.0004763336651388036,0.21588008284832794,20
146779043,8.552069304202936e-05,0.00025698042980113703,0.07654295586687798,20
202237207,8.547134390005096e-05,0.0003255994810412243,0.12745920220025309,20
32474613,8.508601881807576e-05,0.0006585164086498588,0.28507928703740126,20
224682759,8.4971176889298e-05,0.000345650948804137,0.14266837460643994,20
70098387,8.485633836506912e-05,0.0003596115889470236,0.15226715328863852,20
206459857,8.484608882582401e-05,0.0004356240299248427,0.19730427724923755,20
19879552,8.458768518779803e-05,0.00043916070038983225,0.19988263345775192,20
76144948,8.456906257835462e-05,0.0003304367150182786,0.13330314279612507,20
64,8.456840336436011e-05,0.0006557438287210227,0.2854389368218396,20
163666321,8.450655208375735e-05,0.00022353816776700644,0.05362163674531716,20
74639392,8.446691906490167e-05,0.000485283477379725,0.22295803974858158,20
69288061,8.445638862277782e-05,0.0004477626291100658,0.20471387809645492,20
68887832,8.420182515904151e-05,0.0004457132989722155,0.2043530960118688,20
68066102,8.413239548010209e-05,0.0003845429864587214,0.1700762490434919,20
34703682,8.391816249612716e-05,0.0005709126779964266,0.2594180863396413,20
123014509,8.388859633031708e-05,0.0005373283320753816,0.2467556142401669,20
122552096,8.373667276748709e-05,0.0005683055567194747,0.25891919907699407,20
81106327,8.363339382485014e-05,0.00032633515078611127,0.13298750168892717,20
77278021,8.355867221884194e-05,0.00035042065463416973,0.14980517721715497,20
49889638,8.342581096791312e-05,0.0005104404572853954,0.23687279876738931,20
125155322,8.330623143302241e-05,0.00012177768033491877,0.0032269441441150374,20
55655275,8.327836993292092e-05,0.00026005725237599327,0.08417872626912866,20
112742536,8.326148249612197e-05,0.0005192981582994717,0.24103651593194514,20
14874887,8.325226800861008e-05,0.0005912150235271961,0.2681803917363531,20
18826500,8.32482281650615e-05,0.0003305974558706289,0.1370659459406762,20
113262554,8.31607804369694e-05,0.00021039160326219382,0.04658497309758765,20
54053817,8.315565594098073e-05,0.00041843864688876015,0.19262817822645617,20
41647688,8.313722819777158e-05,0.0005641022466617494,0.25886967326553906,20
120260342,8.302419518137483e-05,0.00034765173156652734,0.14944925625280475,20
104292666,8.287257211825327e-05,0.00031811693030136764,0.12921194160580327,20
147137118,8.284386565111656e-05,0.0007314547850814899,0.3091630271988204,20
78303151,8.272276967968839e-05,0.00047275733527059067,0.221773294428948,20
116752237,8.231338225894169e-05,0.0007243199587117071,0.30857315586530587,20
153943304,8.213689685904191e-05,0.0004918260817458108,0.23214405295965673,20
62327558,8.209112419795273e-05,0.0003409245664626484,0.14751666986516027,20
47145848,8.20562494611654e-05,0.0006844994756139983,0.2990519822110304,20
91409580,8.179861824764156e-05,0.0005676892239500354,0.26351248387584014,20
64653869,8.16624167325919e-05,0.00033394580566188116,0.1438995956168282,20
3664349,8.162469864994581e-05,0.0009181226951562168,0.3476818078978742,20
221303317,8.146876960468674e-05,0.0003680615779497623,0.16733447619716074,20
140465673,8.14275401540554e-05,0.00024451948339769265,0.07641458791679283,20
167908915,8.138301111403346e-05,0.000554263239617626,0.2596410437569267,20
55868583,8.126070200725199e-05,0.0006849034001919555,0.30092210350446025,20
102328197,8.122590038321942e-05,0.0005527074022514437,0.25945950265712003,20
74583226,8.104105471136158e-05,0.0003634134357416704,0.16557940500657808,20
56268881,8.058171071491649e-05,0.0002835992324939862,0.10958549745524396,20
129591144,8.054150638498459e-05,0.00036204716463780485,0.16614908251401073,20
105735006,8.037783294751467e-05,0.0002561091297014683,0.08829374982715457,20
52656285,8.037554060978391e-05,0.0003875714137505716,0.18266454292329048,20
174603358,8.035719339893332e-05,0.0003943435663411118,0.18677551038979584,20
81446938,8.03078164364035e-05,0.0004382265496692498,0.2113180373937899,20
44350096,7.98823459586484e-05,0.00046743209395887626,0.2270467683237422,20
110405675,7.982348572978526e-05,0.0002881998216381404,0.11527851387915888,20
68896644,7.9761162423031e-05,0.0004387888175159768,0.2131651271746206,20
40881793,7.957445111798079e-05,0.00033007495627161194,0.1472342538977577,20
33297667,7.934541274504103e-05,0.0004581649485216511,0.22408664861030836,20
117818856,7.917228500297634e-05,0.00046834750405780866,0.22946117314457165,20
139759544,7.879741042110533e-05,0.0005886608914196582,0.2782434867726862,20
169000768,7.868007722438563e-05,0.00019733406134748183,0.045276538429514936,20
39701165,7.856923927757609e-05,0.0003146783855928534,0.1390422515888178,20
75862771,7.838366252294616e-05,0.0003398290706382394,0.15762353571898902,20
47266614,7.831585675457942e-05,0.00031680016666772644,0.14136170522967778,20
101152287,7.787374892782029e-05,0.000438892571850005,0.21864184478687293,20
99686265,7.771139578621188e-05,0.0006316164193032816,0.2942854348492473,20
153378873,7.7656109769636e-05,0.0007743466208237986,0.32943528170111347,20
75896873,7.763921093354443e-05,0.0010949197849551193,0.3773080779191451,20
28733857,7.758278211638104e-05,0.00024360818890681294,0.08529480279026799,20
46287772,7.752401410339171e-05,0.0011654610127499769,0.3846652059234914,20
18489082,7.749893303599098e-05,0.0004542915484526475,0.22744138870366648,20
68687348,7.711893756263133e-05,0.0005271509384295899,0.26039733087841754,20
35737893,7.685343563941794e-05,0.000489287552510536,0.24545854887284135,20
168509227,7.65268936045671e-05,0.000292398611941448,0.12814542991078195,20
10680478,7.649787317010604e-05,0.00033900359153304666,0.16278888658463647,20
5267060,7.641255525051572e-05,0.0004077101644489951,0.20617998741217114,20
48746923,7.606597008472105e-05,0.0003043016521912368,0.1387739656917099,20
57885765,7.587105206774414e-05,0.0001838301065428101,0.04028464451749594,20
77564571,7.58551653691597e-05,0.0007490526087723767,0.327880341281114,20
38844908,7.57986507058328e-05,0.00032879081486594444,0.1577445946943012,20
122661610,7.563666090228405e-05,0.00046457837776864573,0.23771670873137907,20
41122228,7.532458287391463e-05,0.00026727604759793714,0.1114011230769929,20
104710710,7.525569203231108e-05,0.00021648045628837518,0.06826319061981626,20
104439154,7.5149900598942e-05,0.0003075555941400245,0.14408347302559374,20
110854497,7.502381549963077e-05,0.00042445924007820414,0.21950822888957677,20
53410085,7.487421043812503e-05,0.0004646057628644451,0.23993006151509355,20
31822999,7.484477440974913e-05,0.0006371871097231957,0.30272477612943033,20
1863405,7.480486892891825e-05,0.0009930208649395033,0.36994676499009393,20
86726619,7.47075985361445e-05,0.000428239749038454,0.22244913475218808,20
42242700,7.448450287941832e-05,0.00023412842255317868,0.0855110799465309,20
144572777,7.441483620048151e-05,0.00042738425521961644,0.2228807704018163,20
133223217,7.425056205670466e-05,0.0001763244123907279,0.037535465567786655,20
56446157,7.409584646291822e-05,0.0003334746291386469,0.1664332534064199,20
97123538,7.400638166047968e-05,0.000310987738521123,0.15027876734395662,20
42861098,7.388248548267362e-05,0.00028813943392271083,0.13286880036527304,20
3668644,7.38748023337954e-05,0.00031468213947519544,0.15347254841940716,20
115503310,7.37702502518256e-05,0.00023394780809551268,0.08732262900032217,20
49844377,7.367345457472419e-05,0.0004106866248597265,0.21616145879023901,20
16351029,7.34345900118838e-05,0.0005048426593512104,0.261573329935666,20
118018872,7.310132376554534e-05,0.0006584348467581898,0.31261529793273773,20
101752329,7.305274285958619e-05,0.0003866576443981312,0.20432978179832062,20
54854441,7.297044186096446e-05,0.00031810694057673994,0.15892049949527745,20
3212105,7.280093333604798e-05,0.00014627092440014594,0.019163420806128338,20
30895466,7.269134076030027e-05,0.0005539468835421238,0.2821054788282801,20
36078731,7.263416535666645e-05,0.00026732119283867764,0.11960076268496198,20
119950420,7.25562223402143e-05,0.0003622431904840811,0.1907960604531695,20
18216100,7.248563458325807e-05,0.0005242482087878694,0.27184546401955895,20
84,7.215612295567441e-05,0.00036656587318456015,0.1948450955903686,20
210064119,7.208203128291623e-05,0.0002874694731332138,0.13805106368588765,20
158390842,7.200859826826389e-05,0.00019448991410100577,0.05709495946834796,20
10419328,7.183609951765812e-05,0.00020906207665203196,0.07042944993076974,20
105511601,7.182299427825334e-05,0.00029983612610000337,0.14873634312988143,20
21,7.181026365926101e-05,0.000676498204382092,0.32019972688002174,20
43149435,7.180368776625312e-05,0.0003188953184550602,0.16330260284696818,20
2663635,7.136246820489967e-05,0.00035381477322053256,0.18917358853938926,20
217099271,7.124821425519846e-05,0.0017571769360398392,0.4290138591902495,20
69076848,7.120559193753429e-05,0.0003633287640367081,0.19586495139402305,20
4868632,7.11826149709327e-05,0.0005219725280198882,0.27458467843633083,20
245926098,7.111103432695387e-05,0.00038429211297619405,0.2091012954525195,20
135276065,7.095099911905156e-05,0.00029052809820130513,0.14420971806960714,20
14231295,7.08636630824433e-05,0.00015647634640681275,0.028558660070747484,20
93644159,7.081454394116116e-05,0.00019141123859264542,0.057224601468855864,20
16232330,7.039242244267219e-05,0.0007890131561421379,0.3471764805137596,20
91642317,7.028927532062301e-05,0.00038994893020294943,0.21507591189691355,20
71299622,7.018402279619362e-05,0.00029985903021738727,0.15417835694410817,20
7816463,7.017977980805501e-05,0.00020582935184078137,0.07188813152726052,20
27530475,7.010967347795827e-05,0.0003384609675369042,0.18293605429451965,20
72991793,7.010486737227817e-05,0.0004517373718123846,0.2480316580232943,20
30366080,6.991179563916039e-05,0.00018048633853005977,0.049712253895881346,20
13622048,6.98501024365361e-05,0.00018674722042909172,0.05538252096839779,20
110645608,6.952673754141992e-05,0.0002237167475192,0.09032258495948636,20
79090327,6.93766953068331e-05,0.0005995432944160419,0.30539093478083557,20
7066164,6.930091832921815e-05,0.000402312890438724,0.22528172668649565,20
74261063,6.916266229499146e-05,0.00035207717642745344,0.1953197980980626,20
83648568,6.908707872767539e-05,0.00015883944559933207,0.03335352780918748,20
79548138,6.897095190909197e-05,0.0006590094139896107,0.3225376226647019,20
65470749,6.896991327292046e-05,0.000392603204608501,0.2208845765484363,20
144172700,6.894050912233385e-05,0.00035400676000471815,0.19733474123976885,20
117267884,6.878656618670708e-05,0.0005710245832773901,0.2981677956667578,20
123980448,6.874713362492457e-05,0.0004862544828213105,0.267371262800533,20
111763282,6.866516784381215e-05,0.0003376569574623529,0.1872543801933531,20
236516669,6.86339387478918e-05,0.00045046608645145337,0.2519249489031632,20
94281710,6.854553604770941e-05,0.0003618163595414235,0.20370392373830337,20
10674597,6.842806290107694e-05,0.00038138399241908116,0.21612428722922356,20
147571885,6.824126597876901e-05,0.0005721612939056923,0.2999746984557314,20
105845361,6.800850260850755e-05,0.00015670153728079175,0.033626311882571175,20
83722598,6.76811200294003e-05,9.468781542909203e-05,0.0023751214338149688,20
234692189,6.767921480791972e-05,0.0010909648271768117,0.39222153701777407,20
196242764,6.746005458729831e-05,0.00044701408095768405,0.2539342936110587,20
41054780,6.741116841063599e-05,0.00023509098795138335,0.1075705326667809,20
38035082,6.740463342307379e-05,0.00036540095044540835,0.2098146402422691,20
41427756,6.731167939108551e-05,0.0001938236243696536,0.0684492728011862,20
25,6.722374942438324e-05,0.000345637050430491,0.19763389225001415,20
130559690,6.711658173073066e-05,0.00035530970525588743,0.20437595429317734,20
116810010,6.703816920922145e-05,0.0004476116704856815,0.2555265882580282,20
22624086,6.702840168120172e-05,0.0001460610357428872,0.027088983253518172,20
143343688,6.701761375584869e-05,0.00042266237829279653,0.24343519275664638,20
57868367,6.69425665511647e-05,0.00046292860706713016,0.2627808500001452,20
85888767,6.692272521990894e-05,0.0002447824686959071,0.11820287917626385,20
15825278,6.68183486416507e-05,0.00036874958825655244,0.21388295635484061,20
32098753,6.649452308074566e-05,0.0003715495083983184,0.21669880321383655,20
78503270,6.646681052739356e-05,0.00046662511004422544,0.26585715474001226,20
62488283,6.626799794710591e-05,0.000348051988102108,0.20255346537308916,20
82289951,6.60973132115883e-05,0.0004053312360262021,0.23736548719374528,20
62,6.60092781884114e-05,0.00021201128189506975,0.08994359675965288,20
36537526,6.599008524165173e-05,0.0002730918784220279,0.14668982065638245,20
3614989,6.583789667597429e-05,0.00033969483597153974,0.1984422748106056,20
44544470,6.56968606935815e-05,0.0007813411954914173,0.35553135157566274,20
129166541,6.560424790345021e-05,0.00021055565858912973,0.08979122611454189,20
83507794,6.552242177828016e-05,0.0002819043005030175,0.15582178695221077,20
103890399,6.548632852210746e-05,0.0003584725128036672,0.21203388887540336,20
15279294,6.545583737534444e-05,0.00037565327646087854,0.22271564583309117,20
208286280,6.538193126984226e-05,0.00046931821386196696,0.2703376015207781,20
40521918,6.53362026696136e-05,0.00023480085779765836,0.11423773093417387,20
148290732,6.51827121963211e-05,0.00028358922555334575,0.15844918674500155,20
47652455,6.511430731486744e-05,0.00021045918866320818,0.09125492330391344,20
24897228,6.506656555277935e-05,0.0005314284859183555,0.2951860752906188,20
61880512,6.500384595689579e-05,0.0002134057959013094,0.09452998089927724,20
51851725,6.48427039672328e-05,0.0003016308655940209,0.17421584197238593,20
88914639,6.477750801634486e-05,0.0005722765661205479,0.3092652413469584,20
15084267,6.472986265548819e-05,0.0002308877827206546,0.11256632596713516,20
161394000,6.466468613433585e-05,0.00034486478924102736,0.20607156224389894,20
151454874,6.454515252294901e-05,0.00025991943314699554,0.14030874599870627,20
207885845,6.447164856529519e-05,0.0006694953690714342,0.3357801477494099,20
84293477,6.444955997643164e-05,0.0004589373025588212,0.26872976880329413,20
122261496,6.435732899233715e-05,0.0004652306878388468,0.27174684825177375,20
53138653,6.434630783753171e-05,0.00023533511118223235,0.11818021971821249,20
12821349,6.431459910251625e-05,0.0003942002310906966,0.2372556318834506,20
114367864,6.418884104635869e-05,0.0003783683427768068,0.22867594171107714,20
22023292,6.391668872610112e-05,0.000668669946864077,0.33691711510926864,20
149453450,6.386922826931985e-05,0.00044887086227800077,0.2660751692217638,20
661031,6.377802600235905e-05,0.0006883622914361686,0.3416285464854525,20
73283029,6.376897499009715e-05,0.00017512456625554918,0.05994788518301455,20
18280597,6.373158801669664e-05,0.0002894771050488481,0.16859911409430917,20
91,6.354384902445553e-05,0.0006373519670341528,0.33036487157909994,20
216706,6.34825153270513e-05,0.0009062273904534574,0.3787406855447375,20
110809371,6.3408152992106e-05,0.0002557601537505789,0.14069137420327837,20
57456790,6.31688713216949e-05,0.0005786066286477379,0.31548293988816944,20
74741736,6.277031969598168e-05,0.000364807911881297,0.22553068875717652,20
16614408,6.264669441772841e-05,0.00040728834450214904,0.24992113099815905,20
34928562,6.258292547293154e-05,0.0005425726247233324,0.30595930316189496,20
8017124,6.25590765591988e-05,0.00030205745925210016,0.18297308742991047,20
53853246,6.236542341543916e-05,0.0003249275701691693,0.20069491303384962,20
114014833,6.234233718309668e-05,0.00032197898028346714,0.19867229796066305,20
78196411,6.226052117756508e-05,0.0005190272539179742,0.2989331452650591,20
138393137,6.215886246612733e-05,0.00032347667651856985,0.20042743226804316,20
100914035,6.21339883749017e-05,0.0004555485511522027,0.2745535820670849,20
1060740,6.21332051256307e-05,0.0001607501924515751,0.050051308497078305,20
2617583,6.20062046951031e-05,0.0006064532942056665,0.3263385809684122,20
52256804,6.19969164879497e-05,0.00033704878160130023,0.2104680727476363,20
77567989,6.190179737471934e-05,0.000266241379891762,0.1557461951789722,20
68028283,6.163974799422989e-05,0.000313602264453862,0.1951872330602546,20
65548870,6.150351732341353e-05,0.0004538991243856687,0.27585095954826855,20
106312642,6.137453948438232e-05,0.00026813402328785223,0.15942909811316075,20
64423309,6.113776878177712e-05,0.0002378608207548821,0.13231110016470551,20
118348884,6.09694861169463e-05,0.00045623218191623657,0.2785675408222559,20
90522149,6.096895239393052e-05,0.0006597642852519836,0.34201749346333704,20
51649753,6.075842595543723e-05,0.0007495762684380301,0.36049041063604526,20
119146265,6.073796790193597e-05,0.0002792003487463959,0.17141843285184372,20
12489459,6.0250017913016096e-05,0.0003910233911815367,0.2495512102945862,20
7670148,6.0241935723903683e-05,0.00020002906984021768,0.09693677276623046,20
196831633,6.001543436335299e-05,0.0037433124398115153,0.4717948351978888,20
72190513,5.988808900420084e-05,0.00031261381915339756,0.20113366719860054,20
70536179,5.9844695682143015e-05,0.00036785865672794155,0.237881440315157,20
145735769,5.984224024224161e-05,0.00024370485323274048,0.1429321059798171,20
45630581,5.982412095029144e-05,0.00015678248224708225,0.05210826879606426,20
26523157,5.981450809304234e-05,0.0003409819733522695,0.221210802070133,20
72290080,5.9761398546154255e-05,0.0004911645415243688,0.2963378456813584,20
28163086,5.93039047441013e-05,0.00022841810624079042,0.12999181141971733,20
151181269,5.9270028047248016e-05,0.00035645529019777205,0.23310471926539555,20
154796037,5.9218487538248435e-05,0.0005261122832863119,0.3102423741910469,20
80949710,5.9202713793876646e-05,0.00031193799094554587,0.2032890799007983,20
104510240,5.8939136749847075e-05,0.0004558249990540931,0.28494104686046173,20
101906963,5.875501934211047e-05,0.00019643154345870924,0.0983984881131252,20
90408943,5.838590544839373e-05,0.0006070617555770139,0.33597351174681045,20
59456384,5.8377778733292864e-05,0.0004139806410218801,0.26789379194044327,20
9,5.835046137391276e-05,0.00029734984747969376,0.19556433709179583,20
120936915,5.80868854654748e-05,0.0003036094071555177,0.20143636072483567,20
38302599,5.805017281609315e-05,0.00021206548965094284,0.11792218378305887,20
129991255,5.798851425408702e-05,0.00018251527445358988,0.0857779324524815,20
156382470,5.795060932374807e-05,0.0004892368511234921,0.301217750668781,20
45059112,5.7841290423965575e-05,0.00024987225083826893,0.15678038720096152,20
116145923,5.7744882503324434e-05,0.0004844340594696788,0.30007877616070444,20
150893344,5.7733791045788685e-05,0.00020412391944412415,0.11060358395163758,20
126676730,5.77324721004413e-05,0.0007007128207864078,0.35830036656865905,20
57857544,5.772953032174288e-05,0.00019995679682197398,0.10607013706409821,20
121724910,5.764195511955839e-05,0.00037418165455558645,0.2495991509665716,20
163590984,5.7510499907476034e-05,0.00014985633835046364,0.05118587586157403,20
54320299,5.719318976676324e-05,0.0002371607168719598,0.14715842566124665,20
26467790,5.698257190306366e-05,0.00028661506004206674,0.19253003664325175,20
36901080,5.672508342186022e-05,0.0005128888063906276,0.313271411402829,20
32246466,5.659625065150275e-05,0.0003006524134719262,0.20516999700035166,20
137765917,5.6550097686991484e-05,0.0005218974175178966,0.3167576604569669,20
32818180,5.6515228190623376e-05,0.00020449143607420325,0.11576774776778033,20
1861839,5.650839251544748e-05,0.0003541537221807072,0.24208364465704024,20
93280307,5.61225843340174e-05,0.00021830496055538716,0.1322646102551494,20
14424121,5.576000174856155e-05,0.0006357417072912621,0.34962134608394735,20
44312881,5.574276614483398e-05,0.000318467847220608,0.22170296392528527,20
30734108,5.56606515337732e-05,0.000240400889387373,0.15673035980820094,20
86205087,5.565157700013756e-05,0.00026042400375912245,0.17561877822978528,20
77077751,5.556363913479801e-05,0.0004050699268012129,0.27342827221548244,20
145935966,5.501056856276887e-05,0.0002738746101494021,0.19014079813688506,20
147177468,5.4966555373731075e-05,0.0003413205742409272,0.24008550744521906,20
208662192,5.488554318925365e-05,0.0002518370392252472,0.17098769141795006,20
21804837,5.4766971897102223e-05,0.00043197002012961764,0.2886773549479834,20
29639926,5.4581689705024414e-05,0.00029712329962272826,0.210766037603686,20
187820369,5.4223199169378675e-05,0.0004560214154961844,0.30052787999821096,20
4615099,5.3803128685392386e-05,0.00016979606711595678,0.08632428013848939,20
57523351,5.358218172215046e-05,0.0005245767137496035,0.32649695856667255,20
35439202,5.3544133989974485e-05,0.0005993010252881769,0.3469683080623913,20
114920089,5.3541322278499726e-05,0.000500755700002054,0.3189940492872764,20
3864389,5.340017232762229e-05,0.00015669969276545966,0.0719884699120785,20
86174147,5.3350529123696866e-05,0.000373696369331999,0.2653972375135518,20
88098241,5.327197387534066e-05,0.00020411223933317632,0.12878523677465314,20
148181266,5.319552148640439e-05,0.0002764727187272902,0.20012797648786096,20
112542517,5.3160132015894757e-05,0.0004471211909309921,0.3005441411996286,20
103728046,5.3150460305134704e-05,0.0005529499620386132,0.33606337139125864,20
86774931,5.3100141779616195e-05,0.00029597888092105314,0.21614348496527996,20
30893831,5.301268387629121e-05,0.0006242399194335521,0.35415668793030575,20
33094720,5.2868094125435584e-05,0.0002477852410257472,0.17598621485297022,20
157384457,5.281339746160407e-05,0.00041530211119220994,0.28810529964040643,20
156587887,5.2784400908195694e-05,0.000257180058442496,0.18509497232240646,20
103117135,5.2735354665722764e-05,0.0005544374176671474,0.33767387516707714,20
69189403,5.273043135720079e-05,0.0005740000064299106,0.342896001362645,20
85292058,5.2703141861215605e-05,0.0002714325668372878,0.198022254493043,20
30472748,5.256644931544985e-05,0.0002102982969286272,0.13878104667773253,20
46116205,5.256143469800634e-05,0.00018765215205600173,0.11276661693230733,20
108514361,5.247972231474663e-05,0.000138001991383583,0.052657221862767396,20
58538300,5.239363821715193e-05,0.001192319589897293,0.4231460049669638,20
54894419,5.2205294313623087e-05,0.00031290751512225027,0.23236108567705288,20
44850146,5.220326929049057e-05,0.0002719229094955048,0.20064459544264163,20
37702219,5.2197641622275806e-05,0.0004977688800663608,0.3222163193115797,20
58662069,5.211407539185697e-05,0.00021931539551341958,0.1506248663819874,20
88176397,5.2042135868413106e-05,0.00014067876244044933,0.05723571205803997,20
18426870,5.2041987112655394e-05,0.0001572440946259582,0.07761742920263491,20
110315894,5.202272090640836e-05,0.0003769570529148028,0.2722190471641516,20
22483991,5.195451698741249e-05,0.00017430318706065175,0.09914676535775425,20
1610985,5.1829687181942366e-05,0.0002588672481788438,0.19088893046574162,20
24626198,5.175713177910657e-05,0.0017700056373241907,0.4486656817853329,20
65863349,5.1687513652071135e-05,0.0003102155957950847,0.23265317250474682,20
110540454,5.167789483059848e-05,0.0007858915790438501,0.385944797501801,20
104756197,5.146246349702621e-05,0.0005641565765213739,0.3439357259533903,20
70352685,5.109645510707472e-05,0.00012328420385410732,0.03970059474383195,20
2413809,5.0824294824664e-05,0.00046105726265674717,0.31383708272387945,20
50792704,5.055007796269662e-05,0.0002851636980277902,0.21885223949081378,20
10270938,5.050843222772494e-05,0.00016869180661104277,0.09818352172368511,20
32636083,5.0123445476712994e-05,0.00011337168709798544,0.03135603841415445,20
21630897,5.012314523077932e-05,0.00027901333107711477,0.2158419118548856,20
82368357,5.0073095757874333e-05,0.0004305159263179369,0.3044828779986613,20
78109772,4.9907820060257624e-05,0.0003564367703364643,0.26932291411547593,20
165993353,4.98573992543605e-05,0.0006369166677209617,0.3650663443847263,20
2211625,4.985421191035511e-05,0.00010369088330590713,0.022313975079938483,20
78364844,4.983421771042607e-05,0.0004596718824944316,0.31666769815413415,20
51473842,4.980925169569828e-05,0.00030807760421291334,0.23922991826758133,20
32071463,4.952524510509204e-05,0.0004870481807830132,0.32722215741746463,20
38857895,4.9504577307485365e-05,0.0013106525287057034,0.43382370883590726,20
10068160,4.9458042399597166e-05,0.00020055452491830016,0.1419313278296818,20
174407185,4.9420073554196084e-05,0.0006834545152394139,0.3749710496925487,20
102596167,4.934006322213635e-05,0.0027852212084917465,0.46884158572906637,20
17415217,4.9318335939174676e-05,0.0004607385532455671,0.31880524240501534,20
18484572,4.9260093623615384e-05,0.0006695682865891281,0.3728717716530172,20
58296806,4.9256190371022024e-05,0.000288127825462727,0.22697339482299178,20
94707303,4.898450450726011e-05,0.0003709654685440586,0.28089800788741665,20
73480013,4.841764658290448e-05,0.0005149623467724272,0.3394268645733208,20
49463961,4.817799529499567e-05,0.0003623745478108428,0.27957135912944214,20
1212896,4.799510070561674e-05,0.0009183316068525397,0.40884765763748987,20
5815352,4.7816677974626964e-05,0.00031639262668678686,0.253631189687796,20
55058785,4.749052237787432e-05,0.00031035489576493444,0.2510157874333021,20
112736642,4.732636843621241e-05,0.00044424207312839935,0.319600804746372,20
93318423,4.719142210501959e-05,0.00040146204163985416,0.3025911280431903,20
5814566,4.7188920124635605e-05,0.00022135631051073147,0.1761866884816921,20
98749123,4.69734237054098e-05,0.0003749048124391903,0.29089992923166086,20
25631015,4.6815331399241435e-05,0.00036464811416624533,0.28629912305960925,20
108644208,4.668737594619721e-05,0.0001907815406779946,0.14372897718404787,20
65007353,4.642343210910505e-05,0.0002733744923803945,0.22845414648270435,20
1611394,4.630785504566859e-05,0.0003751782135480176,0.2936946015191768,20
110008651,4.6258606942800594e-05,0.00026282117678326326,0.22045690031539317,20
86224202,4.624029137725305e-05,0.0001887068100078636,0.1434221946002916,20
157298783,4.6217401051551474e-05,0.0003305876631548905,0.269631569525254,20
138593146,4.6208233361122454e-05,0.0005126408332588867,0.3456844812944151,20
50197435,4.599136792935998e-05,0.000547548885668777,0.3556738807870223,20
125817619,4.5980594267169826e-05,0.0003387773488362156,0.27552433117575914,20
126956492,4.5979617676100705e-05,0.00033773568503010104,0.2749205866036476,20
30693816,4.5955665080282815e-05,0.0005097949888327524,0.3456719538589028,20
88439429,4.5797818522019805e-05,0.0002482133729267127,0.2097622789960134,20
104556129,4.577515371137486e-05,0.0002529080017901321,0.21414282794553047,20
75183461,4.5685990898419734e-05,0.0002364895770825536,0.19919698266496572,20
43747390,4.556284491930018e-05,0.00034435709327650197,0.2805065078692457,20
106532291,4.550819202236434e-05,0.0002071607354907592,0.16911920028859562,20
131626112,4.527691989453242e-05,0.0003860719089795125,0.30300737804514716,20
205057668,4.515042555435778e-05,0.0004521831060181573,0.3301267446758275,20
68896940,4.512505215534812e-05,0.00016995587683674932,0.12485188227456732,20
84116384,4.507766290905435e-05,0.00039069824522999216,0.30590967287368354,20
132273991,4.503566459202468e-05,0.00044837929778505475,0.32918964555459207,20
25428002,4.491740060317828e-05,0.00020931967567106868,0.17463901902595058,20
196431156,4.489058306154647e-05,0.00048412384961938975,0.34151013812922754,20
98744169,4.486689758189666e-05,0.0004036343049227308,0.3124072549891235,20
88911131,4.4820926409455673e-05,0.0005469320743988871,0.35902436240446733,20
17653367,4.472035369427751e-05,0.0002797517021706754,0.2416805589809789,20
129070177,4.471516651828322e-05,0.00014157468511989918,0.0869888408118178,20
78887600,4.454994429958226e-05,0.0003592690004252341,0.29283516274254195,20
65471575,4.4545689166503034e-05,0.00014752729059573522,0.09638417053307678,20
158184570,4.440625423391964e-05,0.00016832921917880544,0.1263253383473104,20
102507706,4.434879775168099e-05,0.0003071020218314102,0.2630585829855651,20
98,4.433266029068572e-05,0.00010941929490829969,0.042915562202858026,20
611017,4.430625908423691e-05,0.0002726915594890235,0.23815762269139867,20
155772027,4.428386749746882e-05,0.00038733635186610484,0.3075172241014551,20
63274316,4.416119807842955e-05,0.00047125036281734354,0.3399262325130714,20
44944605,4.399756482549866e-05,0.00019836836657931718,0.16685382707829,20
29819746,4.379451681979507e-05,0.0003897494333717665,0.31053983792480266,20
117504285,4.362267244685247e-05,0.000400496702835817,0.31587584451923134,20
143046538,4.3565830969882755e-05,0.0005924042167912161,0.37292037427448227,20
9618077,4.324709647725578e-05,0.0002081529500922791,0.18223127573244235,20
17081563,4.3167650945641345e-05,0.0003876805008611049,0.3121114225540329,20
98285877,4.312651739553086e-05,0.00038053304145582755,0.3090509062512391,20
44506430,4.312511987796808e-05,0.00012621984086082463,0.07149728813938322,20
22916981,4.297800786793315e-05,0.0002712989623924457,0.2436318085390653,20
48033866,4.2861737529809044e-05,0.00047426272540768263,0.3452999041482289,20
148852541,4.282659164294711e-05,0.0005501635496325322,0.36578639434392823,20
54658696,4.2824630413740296e-05,0.00038069877362526276,0.3103489688835561,20
20,4.277919384536033e-05,0.0007149160326627319,0.39594378553960546,20
169400928,4.252763631634737e-05,0.0010230222842969633,0.4272431513834296,20
178609356,4.251387241838711e-05,0.0006356517104063,0.3840527836438883,20
5464325,4.230419166378896e-05,0.0001897530405745479,0.1656388140906802,20
15036327,4.2030266999054656e-05,0.00034841254291926416,0.2979076420116509,20
120523463,4.200687149227833e-05,0.0005121205185877534,0.3589002249814717,20
31494202,4.1994157847835556e-05,0.00031616054964634993,0.2797550303120944,20
130548484,4.180637983505209e-05,0.0004338348976658222,0.33567493632682643,20
117656555,4.179476980243901e-05,0.00023757133894341113,0.22056266403766317,20
37439964,4.156962645920359e-05,0.0003827006182075844,0.3163420260491037,20
42347659,4.15694606936523e-05,8.968360840618939e-05,0.026013702290220448,20
179487430,4.149372094631176e-05,0.0002494344550307796,0.23300559459915327,20
77489783,4.132221183014706e-05,0.0002875109274457436,0.264032665552801,20
93336933,4.12888527799804e-05,0.00041664298777584246,0.33131894111474136,20
29845626,4.122477691456683e-05,0.000247948464699091,0.23312150761671474,20
176605911,4.105749032592976e-05,0.0002708649412270452,0.25300907439050274,20
69668024,4.100680220076591e-05,0.00029073559213897905,0.2678518828723878,20
93881354,4.085330198013715e-05,0.00015215974770799582,0.1223076467786555,20
95539705,4.083337675482301e-05,0.000394124156045239,0.32419307419416565,20
152175155,4.0467297091389966e-05,0.00025596762658276626,0.24406658190771913,20
51255832,4.042544848588125e-05,0.0002945442809366228,0.27331691589803186,20
100126896,4.036630251131878e-05,0.0006637125264930565,0.39428142239943287,20
122874307,4.025910344759853e-05,0.0002708974822338622,0.2571396028359088,20
71088941,4.0194360541701e-05,0.0004264189209501482,0.3390440813856457,20
158190788,3.997756824181131e-05,0.0009747459147031023,0.42820695113522456,20
121555859,3.991074536738859e-05,0.00041635388374636553,0.33648529207906885,20
97948336,3.976574932182397e-05,0.0002592536780345533,0.25051168613017527,20
91914423,3.975325231578286e-05,0.0004242724845545693,0.339947492256234,20
248728908,3.960170924727779e-05,0.0002219824539484427,0.21741397210824698,20
153295317,3.939800715139219e-05,0.0004437726893902883,0.3478831496317213,20
20881762,3.93403003691839e-05,0.0004582999789577757,0.3526623927815472,20
49236056,3.913255793387971e-05,0.0001915137520536044,0.18613534259638193,20
91313475,3.901050885211088e-05,0.0003165753792853999,0.2939985774806216,20
109741975,3.8933241192917745e-05,0.0005996270754712015,0.3873387081975084,20
38644879,3.877702721659104e-05,0.0012222115539463727,0.4443314160343922,20
55459364,3.8754515783340214e-05,0.00044698523495095507,0.35125790648477856,20
42444502,3.874997392872559e-05,0.0002441744335135879,0.243249070207136,20
31617880,3.8748631865448414e-05,0.00016724621457593302,0.15657429272690487,20
23488211,3.8391448697572274e-05,0.00041695231556668135,0.34255519455188355,20
219901503,3.826072818904902e-05,0.00013989210937735892,0.11811624133017795,20
107897561,3.82500926053575e-05,0.0003489459346947258,0.314796272922386,20
16042481,3.815469442203234e-05,0.000395615599975148,0.33554852210264396,20
123341775,3.790597906640492e-05,0.00023433184811404495,0.23911672024259123,20
15075433,3.783682175723668e-05,0.0002760785912536951,0.2736013590480787,20
25840664,3.781995028663276e-05,0.0005386613358909594,0.37847383873474555,20
64706442,3.777378729331038e-05,0.0004053635300205018,0.34077099375957864,20
98711593,3.773106450314922e-05,0.00026567638314409735,0.2664600092771008,20
208862450,3.7381460373059336e-05,0.00047943809856757603,0.365578331437712,20
127182409,3.7235741080698935e-05,0.0002548390760624794,0.26064980957118467,20
54197594,3.7232584447965954e-05,0.0004976546408000702,0.3708006720851274,20
21661737,3.7228155817004004e-05,0.00014151984673408584,0.12697467349638122,20
115946028,3.7226079487401306e-05,0.0005833848837503694,0.389224460548405,20
71700236,3.7212245098883215e-05,0.0003307910434340232,0.310340983669122,20
65484185,3.7036023488512536e-05,0.00021277838365195854,0.22295510266577145,20
34456770,3.682616272179251e-05,0.0002934535765122939,0.2906040276316644,20
115351219,3.6756001909066247e-05,0.0004372180659337854,0.35555468800151285,20
158774640,3.6750284143938215e-05,0.00032709643565434135,0.3105595419266134,20
151777414,3.672465787165624e-05,0.0003721807636703636,0.33199385365607476,20
86488560,3.667250366045649e-05,0.0006566474713083033,0.40272660271153937,20
21515189,3.660890441405385e-05,0.0001852942479966317,0.19398665544791305,20
91515424,3.655137332183034e-05,0.00020058406751209118,0.2126039740694518,20
12420990,3.6549573217448116e-05,0.00037996146254321483,0.33594957963723987,20
46861604,3.6321957860852017e-05,0.0004864737230514754,0.37105365492213005,20
58061127,3.627787409202221e-05,0.0005106773311887478,0.3770907018003232,20
85095065,3.621555393562015e-05,0.0002813201403262986,0.2857814281093508,20
122525533,3.618964889766652e-05,0.0010134211138768585,0.43740080932368575,20
45259376,3.6060663277515116e-05,0.0003102862757952523,0.30462369933541433,20
88854883,3.5944218986422305e-05,0.0003171949683605669,0.30907069354739797,20
11774,3.594076676883273e-05,0.00033575666300495697,0.31880184008651913,20
40826634,3.573338864564235e-05,0.0006230571543301552,0.40016666428366193,20
136791346,3.5661959485783214e-05,0.0007897932433197587,0.421057828051504,20
42910644,3.553420476238855e-05,0.0003511496925894,0.32799777609069625,20
118749855,3.551957148367757e-05,0.00044614438239163164,0.36286411646651556,20
14026357,3.549617980201369e-05,0.0005637352049795724,0.3906499202257556,20
1411905,3.543196425643824e-05,0.00019957141156350916,0.21850472388832637,20
89240263,3.542757596373125e-05,0.00029784231883777583,0.30046335407133995,20
100853042,3.519983039536601e-05,0.0002638080369895362,0.27887055528446814,20
247728379,3.505991374350703e-05,0.0003170742979300414,0.3133117002682062,20
44266420,3.4961787419607314e-05,0.0006147258362333349,0.4009798254291626,20
9471792,3.491286850825226e-05,0.000277766592305847,0.29030668737571896,20
203456504,3.486167795742623e-05,0.0003231412628866128,0.3174916961907387,20
127989751,3.4859166575079704e-05,0.00031890151343673135,0.3152715593576493,20
63853535,3.480737804928413e-05,0.00019065963886630118,0.2121818846533326,20
68733328,3.4687512566689005e-05,0.00045814139800337024,0.3693116556087394,20
47730015,3.460784924863014e-05,0.00032879266487210746,0.3215979990691411,20
30444009,3.4570206573025784e-05,0.00028907722226928614,0.2994909842673851,20
95316767,3.4542043909985276e-05,0.0002170649534525878,0.24266071643575393,20
228287067,3.453795404032012e-05,0.00036107626520683387,0.33681312309428235,20
20429332,3.4520105650498456e-05,0.00044622333673196093,0.36658442660000634,20
87728766,3.44530330132875e-05,0.0003075398406145509,0.3110615188252932,20
83504563,3.430512455874224e-05,0.0004162803013457549,0.35827141704692234,20
111125434,3.40907196660023e-05,0.00043709130642168313,0.36553672077824495,20
93318311,3.401004929395879e-05,0.00023948349432577432,0.26646674496101896,20
119750351,3.399379011365111e-05,0.0003935716824698289,0.35179420550452795,20
33969129,3.395728074429005e-05,0.0002455308497529854,0.2717940857980484,20
138430098,3.389766759954726e-05,0.0004092239138087107,0.357574255423476,20
15423548,3.3672850233296134e-05,0.0002557415751352491,0.2814539468333407,20
56354823,3.363515108263937e-05,0.00036380072157838196,0.34194556925433756,20
51845181,3.341997773946281e-05,0.0001960914432166279,0.22765288065016415,20
78890598,3.333646187482775e-05,0.00023209143944573615,0.2641589718661179,20
49289448,3.329661769531089e-05,0.0003964291167865678,0.35567984313638656,20
85887865,3.329181898014122e-05,0.0002878033979833545,0.3054527015248758,20
21086440,3.321797795428072e-05,0.0002954319520648742,0.31042743513411597,20
71068398,3.32167378766457e-05,0.00027104387321871896,0.2950143942357445,20
24826638,3.321285455289425e-05,0.0003418260787472362,0.33440060180469544,20
200435300,3.3115589030674467e-05,0.00042665770023053235,0.36616169317973124,20
55721840,3.307900384630358e-05,0.0004139612923522682,0.3623799847137515,20
34227663,3.296212883277527e-05,0.0003136328704570621,0.3218482254767432,20
59259160,3.29244811713425e-05,0.0005626535080300466,0.3981868483163114,20
47953365,3.2916245099551265e-05,0.00017732794062246313,0.20838614158081548,20
50949615,3.289888533576924e-05,0.0002564835173444896,0.28647105088347713,20
33075184,3.2639952137220043e-05,0.0004945649845908985,0.3855405792076736,20
84422625,3.237158713843002e-05,0.0002619575015947591,0.29347422647536614,20
23727507,3.231851839937683e-05,0.0003713514524024572,0.35072516791645736,20
193825943,3.228202455543006e-05,0.00027824680383973155,0.3049265204683522,20
50838823,3.1968397487530666e-05,0.0004020370951924227,0.36302638179070196,20
36099780,3.181204925243319e-05,0.0002219849908980195,0.2646248390558887,20
16682057,3.160732690085655e-05,0.0003817285697044073,0.3576291591351692,20
47746437,3.153971989089954e-05,0.0006194859136257209,0.41116026108959486,20
62291679,3.1407118304954686e-05,0.0002135095764051624,0.2592636350057522,20
104755251,3.124948331324484e-05,0.0003512521061340558,0.34758123355823267,20
112135951,3.1230645115731814e-05,0.00030196539738725284,0.3244776231397349,20
11220127,3.117702806265665e-05,0.00045603922528597536,0.3815648460172642,20
3618212,3.115861938928766e-05,0.0002792250337505118,0.31173860421457494,20
90809268,3.103156234582904e-05,0.00043412241784419387,0.3763521695577713,20
123325794,3.098339134942063e-05,0.0003653155126281115,0.3543377269824178,20
79079422,3.097062869279465e-05,0.00025714646833781827,0.2982011041645182,20
80100495,3.092432284708124e-05,0.00017616475604064144,0.22105252448349177,20
94813889,3.0893924509523e-05,0.00016080335151903027,0.2004711161627275,20
7070462,3.0691964230378235e-05,0.00029259500951029667,0.32216529679549466,20
68209741,3.064971958220975e-05,0.0003154678083598818,0.3344111477513675,20
4865181,3.063011422797523e-05,0.00020928324527418805,0.2603080319301418,20
21880708,3.060498978572079e-05,0.0005399749931273394,0.4013121853697199,20
136963730,3.060483591418861e-05,0.0003176083151929614,0.33568198587988174,20
96928210,3.059944662983649e-05,0.00018613893929224915,0.23560516551831878,20
26835226,3.056835852099926e-05,0.0003134604740423924,0.3338329774638154,20
57256781,3.054694955594295e-05,0.00048225209966410023,0.3900146258921282,20
82685526,3.0320931611310666e-05,0.0006475132452285995,0.4181764448738101,20
4063445,3.0316356393417232e-05,0.00026625725859272573,0.30823656137097283,20
4467757,3.0245237710091465e-05,0.00044499286233021495,0.38223039514632107,20
3264267,3.0220919613554996e-05,0.0002760817213757741,0.31503300801251155,20
7216231,3.018994374394679e-05,0.0003929442758911347,0.36746207686708343,20
121938454,3.006597010795642e-05,0.0002186092832955226,0.2729040373187927,20
34,3.001426932545681e-05,0.00030552394869289316,0.33268677136957026,20
194826729,3.0006894201572987e-05,0.00030355545889388204,0.33171215320528213,20
110123955,2.997307858110809e-05,0.00048074462043129186,0.3916955858215183,20
165592534,2.9876890108321285e-05,0.0002189113726269505,0.27442942934030523,20
45144907,2.9831059276208548e-05,0.0003318297604195939,0.34607096920852753,20
89315132,2.9767994858542757e-05,0.0001864612144333662,0.24196448222209632,20
23696914,2.9629738920022853e-05,0.0005353163016527848,0.40357566126958044,20
178620761,2.9627039533042244e-05,0.00047809272765269917,0.39233463559696224,20
7667965,2.9568978835387004e-05,0.00019845839142768078,0.25660882552872455,20
151054719,2.956094664576803e-05,0.00030127081487869904,0.3328743337720848,20
37645502,2.954194138316546e-05,0.00030392192081381676,0.33433778746704534,20
57814478,2.9474690330044684e-05,0.0002758674397130955,0.31911493725178663,20
34695418,2.9348353442781862e-05,0.00020986533238620146,0.26957415506814747,20
66677481,2.9277199135036014e-05,0.0005433370110647454,0.4060771912101583,20
90713945,2.9141143348332398e-05,0.0001522818648531825,0.2013855835321519,20
105935231,2.8935792941708893e-05,0.0002649098584374549,0.3153979140853317,20
100351568,2.8922655882773764e-05,0.0002509720086705859,0.3061159639878184,20
10072255,2.8872761236381494e-05,0.00025998821762167904,0.3125669322358937,20
48234475,2.8658243182433374e-05,0.0001655552399057404,0.22418612119597375,20
76488207,2.842522819478388e-05,0.00037843445076012153,0.37030836652732463,20
29031060,2.8228717395462068e-05,0.0005438965085249489,0.40946795435690303,20
23883317,2.8198264868550815e-05,0.0002808384417384641,0.329242838125021,20
137964269,2.810295203403146e-05,0.00041096456892667323,0.3815344810488105,20
108540365,2.7853619269380125e-05,0.0002072021608805217,0.2774137086913464,20
101332838,2.7721349613596402e-05,0.00027244434077165053,0.3271178460786461,20
138679839,2.739092174331992e-05,0.00019110313637144143,0.26459162272786924,20
26642650,2.7215199943081415e-05,0.0001940188030618745,0.2689609854710079,20
63059865,2.708790610647105e-05,0.00023618581986316995,0.3069649497887713,20
121012397,2.696854459040554e-05,0.00055450325198602,0.415066933356093,20
11820402,2.6853523649605914e-05,0.000660610619857164,0.42883635460621083,20
129221880,2.6771316699553126e-05,0.0002982092808623887,0.34627337739259156,20
28694440,2.6740172701616993e-05,0.0005539607418226379,0.4156933128257032,20
45866973,2.665681448150714e-05,0.0008203183355429389,0.4429923800170722,20
82094438,2.6615589680689666e-05,0.0003748855708515923,0.3771611256747065,20
152578125,2.6298756894466148e-05,0.00016519600736230133,0.24257275029029196,20
217071533,2.6291498719016594e-05,0.0002876501221467699,0.34364403012318945,20
135163943,2.6058835081987918e-05,0.0002805342248268786,0.341245277189828,20
71058974,2.5995832667863317e-05,0.00039362619261369436,0.38546550846238437,20
147450806,2.5956300038654234e-05,0.0002898966817373696,0.34665730115061977,20
49243392,2.5836710855930978e-05,0.0002705922689342773,0.33708630352461766,20
102643505,2.574910550362519e-05,0.0002673532847785178,0.3357605103387147,20
121524909,2.5724434087209815e-05,0.00032803128934071404,0.3648329648044307,20
70488854,2.5606895743468526e-05,0.00021477806646697572,0.30004203960468834,20
22488198,2.5601310485501293e-05,0.0004443205497795985,0.3997120484711267,20
83369505,2.5530264351719677e-05,0.0002917573053593122,0.34995186667674394,20
44142427,2.546592669153136e-05,0.00039293340334467655,0.3875397134339188,20
221503370,2.5443511747913482e-05,0.00022082597152633075,0.3061509277477503,20
28251065,2.5345797606229902e-05,0.0002264723305532776,0.3112348381290013,20
44650118,2.523063542613224e-05,0.0002562198253507599,0.3323145486386868,20
14077042,2.514460029071075e-05,0.00030200601319078896,0.35687882735796794,20
38920179,2.4945145471616526e-05,0.000159802083254889,0.24678488794781472,20
76395555,2.4885410150649046e-05,0.00019040704443365613,0.28288366985160157,20
137992493,2.4871486009159227e-05,0.000939866028627786,0.45351816733535727,20
101442703,2.4820351907833826e-05,0.0003570925480903427,0.3796519048872254,20
95186490,2.4727951885178402e-05,0.00020287500343073937,0.29601396747681386,20
81884480,2.438611798220025e-05,0.0003461630697218074,0.37807946676062526,20
35839613,2.4259652575697733e-05,0.00034400891288465885,0.3779566066132618,20
162065060,2.419657693701338e-05,0.00025914052051485283,0.34046969011844386,20
44306119,2.4189135528668303e-05,0.0003125651035024569,0.3665372828210479,20
44446473,2.4161747447765114e-05,0.0005355512128215091,0.4211231079574899,20
13076348,2.4152801578880557e-05,0.0001808142091856224,0.27865372832784463,20
119211479,2.412854635445716e-05,0.0005212588278212795,0.41910197261534204,20
118945824,2.3908424050927966e-05,0.00039101481303829735,0.39373008082015787,20
87956573,2.3902951925097727e-05,0.00012358935920584626,0.19893086273018917,20
226086022,2.378535903703183e-05,0.0003434320218303874,0.38006863552872405,20
42460730,2.3694534118362532e-05,0.0005308392693400303,0.4219500301970437,20
139393909,2.3302640065753222e-05,0.0007256358146842531,0.44365816344179015,20
136190779,2.3282835893456698e-05,0.0003120124174600489,0.3711238353995573,20
17853714,2.3271891331999583e-05,0.0002750067267253546,0.35464753670594484,20
92680083,2.3242662963934847e-05,0.0003458587645853588,0.38351459518151043,20
39653379,2.2974851016110965e-05,0.0004836216692477194,0.417008323584906,20
120776294,2.280336922409476e-05,0.001626648290154094,0.47533283245373625,20
141066408,2.2767258453498807e-05,0.00013759291248303785,0.2341740227798062,20
38739912,2.263049481920354e-05,0.0003185521320741363,0.3770857070789174,20
99087130,2.2560967157025935e-05,0.00037189764667777095,0.39454312937201835,20
136830143,2.2559585955217454e-05,0.0006188056849730103,0.4361046249135856,20
77964717,2.2517241844355328e-05,0.000316996807196946,0.3771002469246298,20
46056053,2.2456194554387743e-05,0.0005605823471948242,0.42985907904963827,20
63005248,2.2450622392788942e-05,0.0005929445546978526,0.4336641366456123,20
129784942,2.2209766374969853e-05,0.00028676604581793293,0.3664381257622614,20
38024286,2.2193865275882407e-05,0.0004512325933317259,0.4141234397184496,20
4613920,2.2113566759607294e-05,0.00032977826056326695,0.38376129055122304,20
28893554,2.2039437884502357e-05,0.00040691276447357645,0.40560159933669554,20
135162938,2.2009958698598896e-05,0.0002327779505676898,0.33857385948029217,20
94645791,2.1574315697409086e-05,0.0004929925337402264,0.4234577465687898,20
150140691,2.1372179766282472e-05,0.00022793894321429355,0.33984264876657866,20
76488846,2.1242337196808457e-05,0.00019647881574066134,0.3171309829893849,20
168996624,2.1149073296883313e-05,0.00021359047563411466,0.33144914468385145,20
197845389,2.1129404555469965e-05,0.00021513849981887097,0.332727590267642,20
10638333,2.0978661149151368e-05,0.0004549451534347241,0.419405836719617,20
131881770,2.096596054034783e-05,0.0005309265755932502,0.4308449888419045,20
21447209,2.064252036835801e-05,0.000403917984377438,0.4108296085826011,20
188620751,2.0509750412783802e-05,0.00013200989869210195,0.24779071636376532,20
39252868,2.042637525234703e-05,0.0003158177962662037,0.38776222636431085,20
113739357,2.028911691606128e-05,0.0003258043099708178,0.39181942492313,20
57696694,2.0216909654918737e-05,0.0002917306955653521,0.37999820133663653,20
43242991,2.020513499628174e-05,0.00035621726787461977,0.401239244001593,20
109723588,2.0168049734092808e-05,0.0003980215526489588,0.41157494900398994,20
1413084,2.013815410719655e-05,0.0004971503238440438,0.42908274796861984,20
59659309,2.0013195566742636e-05,0.0005919314158050684,0.44070475961406624,20
139167069,2.0010015946081427e-05,0.00044076411495439335,0.4206357477871751,20
80019842,1.9991354420184626e-05,0.00024405025355377435,0.3590814778972828,20
44853352,1.998277687575989e-05,0.0003871786474184195,0.4099637978000594,20
29631500,1.9763843141784587e-05,0.0003076580263496888,0.3885006527199411,20
74832235,1.976133178107631e-05,0.00048294294781795675,0.42837088402745366,20
148738787,1.9463075529901896e-05,0.0005342482680543631,0.43614957367139595,20
193225651,1.9218027106937542e-05,0.00022341541777652,0.35236967508678496,20
27289976,1.9203369354586774e-05,0.00022767042561341254,0.35509808161965506,20
126782300,1.8990228745119352e-05,0.0006776655488680002,0.4507923030591894,20
173003387,1.8906523480022308e-05,0.00043117763155235727,0.4233082718709541,20
92383515,1.8757843400929452e-05,0.0002669107594715857,0.3783625129498244,20
28244396,1.87166547735651e-05,0.0003000827053817854,0.39165424133767646,20
50723538,1.8698135034017628e-05,0.0002755009016805507,0.38239533208815274,20
25230872,1.8673630920906793e-05,0.0005245576787407536,0.43759464056981917,20
111900677,1.856854180203871e-05,0.0002820623563317923,0.3858197706355091,20
38281658,1.8472246843243e-05,0.000225433771700556,0.35903881958198613,20
89840486,1.837686084223411e-05,0.00032958559391826295,0.40288101130313503,20
103038206,1.8306195749767663e-05,0.00014725160737348808,0.2923591962298625,20
48,1.8159212351714914e-05,0.00026649587164761243,0.381940615919262,20
58257995,1.8006911659784743e-05,0.00018354350021465945,0.3328962904722092,20
143847770,1.789799804887693e-05,0.00033525180029267637,0.4069267956337232,20
81283175,1.7836453070496637e-05,0.0003974235867805707,0.42152896521092675,20
35714563,1.7764648878465517e-05,0.0003526352558148238,0.4120787681953439,20
191436813,1.7649098874972236e-05,0.0007679350760821732,0.45960690176489244,20
137163942,1.7578734384054995e-05,0.0004077752477691645,0.4245850941374675,20
142597470,1.7365520295264948e-05,0.0003631450024644557,0.41646854209441947,20
51750776,1.7235816928284907e-05,0.00036392845345632963,0.41725832652938827,20
23282061,1.721254164521735e-05,0.00033953762219342005,0.411534988925962,20
116131208,1.72035048753294e-05,0.00045478332800700827,0.4337248827566843,20
72637947,1.7164949022158148e-05,0.0003364423575633739,0.41097820042649225,20
36496724,1.7102309957178762e-05,0.00026179920704268655,0.3866701813620525,20
51394352,1.706361277766244e-05,0.0005886315395134953,0.4491065308769585,20
68576399,1.70076673109254e-05,0.00017184992790553741,0.33152668032127547,20
37845536,1.6998716499466714e-05,0.00027869898759372074,0.3939864987231946,20
70557923,1.690698184532713e-05,0.00034691388162975316,0.41489538702524614,20
140681009,1.6764759901477522e-05,0.00028854380675737265,0.3988922428562026,20
56659492,1.6755408973423423e-05,0.0006282768446441602,0.45315806800553293,20
25239870,1.67545599654928e-05,0.00021664486700072048,0.36662425007038,20
157661407,1.665424597824816e-05,0.0002146389128426778,0.36620197639563645,20
87711520,1.665386931593016e-05,0.00042670157462645534,0.43164205173513487,20
64271155,1.661088426860857e-05,0.0003410527833611661,0.4149480330146155,20
55659469,1.6602308621516128e-05,0.00025685041255284457,0.3878290861475607,20
102716874,1.654564432791439e-05,0.0006022877872736578,0.4517558779209119,20
35570603,1.64420986852154e-05,0.00017173631986605912,0.33667302755632245,20
12472474,1.6410782129311353e-05,0.00037725484483095914,0.4239089552130124,20
20885899,1.6036922270701304e-05,0.0004111097705569677,0.4316774986612488,20
118953071,1.602333431920955e-05,0.0007645802996588746,0.4631553596869303,20
199233710,1.5907548217314327e-05,0.00019075345061624242,0.3566584157187126,20
88639659,1.5622764916933817e-05,0.0004614233353860752,0.4406216369000333,20
68286443,1.5538648413082612e-05,0.0005513557111679983,0.4505135864365342,20
86326403,1.5423032352085418e-05,0.00022413599977512102,0.38081695411980043,20
70177955,1.5414302156718796e-05,0.00032458304859919436,0.4170363295666711,20
122674184,1.5284434180462547e-05,0.0002512900861432467,0.39427310758753825,20
60889219,1.5184073563351275e-05,0.0003059454814323332,0.4133596969858484,20
69074482,1.5109393068307719e-05,0.0003227352872806988,0.4181937561987919,20
91441673,1.4839378988085184e-05,0.0004676007928145913,0.4443171129677888,20
14271676,1.4682059367771005e-05,0.00027432656786787835,0.40669844623925233,20
102929715,1.4604794388473064e-05,0.00018740753315685767,0.36564217796362153,20
84871501,1.4577912946384109e-05,0.00030436084478186154,0.41633616646110855,20
85688647,1.4489649432780637e-05,0.0004331210698034599,0.4413241087318958,20
168800490,1.4486833540472422e-05,0.000558631338642664,0.4544448104370439,20
106895234,1.4361099602383521e-05,0.00022859565010747285,0.39089129543537754,20
67272418,1.4077621380498284e-05,0.00020802620046142683,0.3827262967044025,20
128558727,1.4013368990511976e-05,0.00028541312150865615,0.41427181725780166,20
58338245,1.3888444491361174e-05,0.00015620136959656444,0.34766591369608085,20
95682152,1.3878228508584777e-05,7.758597919473244e-05,0.21681253964865171,20
39646827,1.383250142913961e-05,0.00032118428848634134,0.4246571018099468,20
11410037,1.3814476006429599e-05,0.0003172437731963895,0.4238316580748703,20
40854635,1.3791615649771938e-05,0.0003515029062246596,0.4312836946874665,20
47808617,1.3565530959802619e-05,0.00018925112401376213,0.3760202483045275,20
37458865,1.3405274888639296e-05,0.0006746011843503647,0.46505857585484,20
132370287,1.3349846385457553e-05,0.0004617499167844425,0.4492412603171755,20
172205108,1.323392000722734e-05,0.00018949500964111085,0.3790979492359843,20
92057677,1.3192630016989338e-05,0.00027921445321738925,0.41744985143886526,20
34627872,1.3190825287900943e-05,0.0006479284602245386,0.4642046121845598,20
6069303,1.3162984728509742e-05,0.0003565305165357485,0.43530082658306507,20
23639667,1.3130063393679281e-05,0.0004174940647614941,0.4448144769374465,20
92279983,1.3064685654512465e-05,0.0002532805783789877,0.410014117177205,20
68866500,1.3042324442635867e-05,0.00046749768644365733,0.451010343407815,20
7196945,1.3012976530457632e-05,0.00015831802630954489,0.3586216469687359,20
121351589,1.297983573518291e-05,0.00011307042080489471,0.3068033713818269,20
41041171,1.284350269016299e-05,0.0005218169050862957,0.4567529544454279,20
71579736,1.2740325586529932e-05,0.0002587925660787017,0.4140463724882566,20
129422062,1.2708274911671369e-05,0.00018601870256438986,0.3816446586846923,20
9079077,1.263776413685247e-05,0.00040656550005359115,0.4454514662898151,20
65863808,1.2535223690918196e-05,0.00039800494810738213,0.44473528700520315,20
53246206,1.248488404897996e-05,0.0003605785145041482,0.43928795737561843,20
56068714,1.242217989998462e-05,0.00042181243159979576,0.4483021941699684,20
30835663,1.2412704265535313e-05,0.0001197199321183026,0.3240737682771685,20
9418274,1.2381603377670248e-05,0.000327691331821024,0.4338004503467165,20
156583855,1.2338680473417129e-05,0.0002908870671916228,0.42577942646561084,20
236694440,1.2277242975627934e-05,0.0002498854930156704,0.41421528482934444,20
105531191,1.2250787059103763e-05,0.00016496466824644763,0.3717192649960131,20
18482665,1.2092609444819269e-05,0.00034569756142763903,0.43866952704886086,20
111500353,1.2086270302746893e-05,0.00020087731078521857,0.3953853778442289,20
121977170,1.2015597665854249e-05,0.0014613179327925573,0.48552525426744986,20
27666843,1.1918631303609039e-05,0.00020370299769234974,0.3981980493189261,20
123874968,1.1835011509941928e-05,0.00034484427117137444,0.4398178457883001,20
28892919,1.1728427427981637e-05,0.0002515073462863597,0.4185106187413406,20
110251405,1.142541024193311e-05,0.00035669885388679,0.44380176180370196,20
78596973,1.1388209898605118e-05,0.0003468261755851357,0.44240073115958917,20
69467040,1.132656791981157e-05,0.00012649343369604477,0.3466470175820023,20
3464676,1.130784239389282e-05,0.00024178115664921015,0.4182759385782396,20
61265615,1.120752869975261e-05,0.0005456931142165855,0.46388959459952883,20
32023286,1.1116145342554562e-05,0.00041216848916760245,0.4526319286258318,20
78019053,1.0971567241319092e-05,0.00044323883112171706,0.45650779200332037,20
105445104,1.0965347987146324e-05,0.0003869671941565169,0.4502446644566313,20
59262730,1.0895362914192797e-05,0.00025657611612073136,0.42569818361482686,20
62264760,1.0791237384272235e-05,0.0004893126184415444,0.4612334112604768,20
113301674,1.0695424540257958e-05,0.0003147533078890725,0.44040840883463467,20
48689126,1.062940597106321e-05,0.00023282302501118754,0.42019473849419753,20
170275536,1.0609210337003683e-05,0.0003351537750876942,0.4444571782435085,20
112142152,1.0363980771482817e-05,0.0005333194626851541,0.4658274515666676,20
80967238,1.0343310064897527e-05,6.637011019281477e-05,0.2471368036617101,20
97910820,1.0214966373151002e-05,0.0001895940517263137,0.4060873628084967,20
13476665,1.014258866554596e-05,0.0003443172849789048,0.4482889945169861,20
169875372,1.00719208644795e-05,0.0001696071588996742,0.3967143200671893,20
59864071,1.0027702735998511e-05,0.0007455790766044594,0.47633287693183746,20
92304144,9.95107912106774e-06,0.00022326865679726687,0.42206385154954246,20
58455591,9.928107935980312e-06,0.00043935503574728203,0.4602820572110543,20
175682539,9.884336507887114e-06,0.0002005645691679123,0.4139559303108904,20
71830685,9.488367395377174e-06,0.0002621456000560248,0.4365589521478273,20
50270331,9.43735698506476e-06,0.0006706989200908729,0.4752409222114688,20
83686338,9.382956842585166e-06,0.0005628707624918773,0.4706761443298869,20
80999386,9.199254512448629e-06,0.0007650944783568084,0.4788392715713876,20
43443120,8.968636706152555e-06,0.0001382641049247483,0.3874450264457819,20
28430707,8.951870537510231e-06,0.00027460380933068407,0.44281210874649535,20
86755296,8.596288131434981e-06,0.0004553826119611186,0.4668025187854533,20
175204709,8.552283753560096e-06,0.00030233484580524656,0.45033053092588904,20
20091038,8.505561341953793e-06,0.000418271702288766,0.4642457140204622,20
56455737,8.492440117402466e-06,0.0002082804139244735,0.4286208855004729,20
8670609,8.425020250235616e-06,0.0012734210538132404,0.4883521566064062,20
1461290,8.423065555968057e-06,0.0002167493209389206,0.4319339674237312,20
164467850,8.418585035585568e-06,0.0006025458208517428,0.4754152978977466,20
86693880,8.370029816395785e-06,0.0003577224720694067,0.4588792905084483,20
97701769,8.236852989529364e-06,0.00032800308595478344,0.45587987276656133,20
159787126,8.129214174779075e-06,0.00043654791621052614,0.4672507136084694,20
2411653,8.106943701591262e-06,0.0004946187173855446,0.47116694075007287,20
15241653,8.029056572028682e-06,0.0004596946158276309,0.4692784043597178,20
112346368,7.998645291301676e-06,0.00020494006318706788,0.43164225958417357,20
189021709,7.972783022908158e-06,0.0002138739115534543,0.4346789923504267,20
36839538,7.96945458765852e-06,0.0005384665811557198,0.47395949101341045,20
9021912,7.850624176125586e-06,0.00031155625376393255,0.45572949170232746,20
105800755,7.841840081768137e-06,0.00019962451529837553,0.43120258661704486,20
10888409,7.830481335374673e-06,0.0002553379573062928,0.4461785299903963,20
154696539,7.5585400979572e-06,0.00028652237501396155,0.4536624071675154,20
59015799,7.309771391700304e-06,0.00034407101881635553,0.4626507620753759,20
14271633,7.248296453082892e-06,0.00039512674447578943,0.467737328869394,20
42503482,7.244043371917863e-06,0.0003430985937931218,0.46288097048012034,20
51758369,7.125964213300362e-06,0.0005498857203450894,0.47719507468630284,20
52445279,7.03285034157064e-06,0.00027982865797004664,0.45584387188206055,20
108922158,6.862930544465628e-06,0.00028513915912868355,0.45770547565514197,20
179409845,6.853811608614757e-06,0.0006182891081193367,0.4804895786316756,20
194440035,6.835719975922805e-06,0.0004111083446556488,0.47075038460201524,20
34848927,6.747978857885029e-06,0.000335473612716495,0.464631835996358,20
57414311,6.730318283448833e-06,0.0003275979462741574,0.46387856316966636,20
89921681,6.625525956277523e-06,0.00044582590373485817,0.4738523940766176,20
108898935,6.519736843130231e-06,0.0004766510011721506,0.47593101147058436,20
33,6.116433306685432e-06,0.0005015144000189711,0.4785364511995348,20
28237985,6.112265398533489e-06,0.00043075151128276287,0.4750321028233903,20
32,5.835093191564056e-06,0.00025422858643675756,0.45966011354751524,20
19154566,5.833734166382776e-06,0.00036785497797881363,0.4721002566743771,20
38301169,5.718778497626475e-06,0.0004223672234920434,0.4761742222620715,20
52556689,5.709519662583373e-06,0.00037458089258178123,0.47318280498062815,20
28667366,5.698051903846313e-06,0.0003893618139525217,0.47425101553645344,20
34897009,5.633820496353525e-06,0.00021366674776362448,0.45368505051062175,20
176482805,5.624440426754695e-06,0.0009855627707863646,0.4899524841981477,20
51652506,5.519874895126842e-06,0.000396621652365992,0.47551099983805856,20
175015282,5.430801270972508e-06,8.90284811395877e-05,0.39397360684535815,20
24884944,5.350209231419489e-06,0.0002396040680033202,0.4607508068078628,20
138959151,5.20084725260661e-06,0.00035244481666901246,0.4740364205998274,20
154095972,5.144304356563545e-06,0.0006030864229757386,0.4849841633674067,20
167708818,5.128379298191543e-06,0.0002566679300137211,0.46486710922359525,20
25628115,4.874176561553422e-06,0.0017784154833749423,0.49517419385781825,20
65973731,4.797330904843244e-06,0.00040207533305055686,0.47900148134364295,20
80846656,4.7221197533975355e-06,0.00014095312338154037,0.44124178249441043,20
76707140,4.661234964109529e-06,0.0006276046587979985,0.48692492825175204,20
56083871,4.657728757900825e-06,0.00021415609228799502,0.4617671372374561,20
41048388,4.545029428226765e-06,0.0001478366103988905,0.4460452050667827,20
50192143,4.498713026768186e-06,0.0004191643723260705,0.48110957508052865,20
32567801,4.488522117379601e-06,0.0006587910531341155,0.4880050556587826,20
157990013,4.381583425328017e-06,0.00027508114822148,0.47197813082455126,20
129558393,4.084717509011959e-06,0.0003941162011113582,0.4817573731818451,20
99233987,4.083985863972961e-06,0.0002641596055463389,0.47280011705665653,20
21427969,3.8224363422934e-06,0.00018936131652598113,0.46450707417398013,20
155996947,3.8018691392804894e-06,0.0002830791532027532,0.47636651379016215,20
8216735,3.791821089116354e-06,0.0006081855302287914,0.48902345107427414,20
156572976,3.740032848670305e-06,0.00020460380515935226,0.467851099488397,20
35336058,3.70602398012676e-06,0.0003313360294521644,0.48031378369601274,20
27637235,3.4169541442696794e-06,0.0004987362362928548,0.4879382590491391,20
19478604,3.1651190978421173e-06,0.00047914016018242665,0.488370145430757,20
57561260,3.1319567733112398e-06,0.0002967161581889417,0.48142118090366437,20
27300140,3.112765229690284e-06,0.00014662992835764958,0.4626792092743236,20
60144080,3.080716323516919e-06,0.0002810985876354843,0.4807103945468011,20
102124790,3.080620284762192e-06,0.0002269586169673929,0.4761150617001436,20
105399900,3.012404843388827e-06,0.00034244466362350295,0.48451474638125197,20
53848885,2.8523060983776103e-06,0.0002699303482854799,0.4814010857715102,20
156259595,2.743039658842372e-06,0.0002546284955233074,0.4810389856749074,20
114739954,2.7344796040940088e-06,0.0006526583939141936,0.4926230760910082,20
44458474,2.644395788009568e-06,0.00033313489678893224,0.4860259075297656,20
55058509,2.4468770563834675e-06,0.00044669901605330246,0.49035583294772456,20
115168579,2.3918444249093618e-06,0.00036013111194080425,0.4883072041960539,20
4464252,2.3752351025640996e-06,0.00011891207788931666,0.46487742506730223,20
139230585,2.2909764811673838e-06,0.00020886731523371677,0.4806945404618332,20
66273454,2.2292288094805103e-06,0.00023865033875492206,0.4835573072040803,20
101594504,2.2096532424076276e-06,0.00041967277646903913,0.4907299008817897,20
116817349,2.187524431046528e-06,0.0005629960408214882,0.4931587122375876,20
169910008,2.0462356530026593e-06,0.0008796508661210389,0.4959040904343782,20
31967447,1.9933223941448475e-06,0.000432004099319202,0.4918759885192364,20
79819787,1.9592708356164225e-06,0.00042763988085791775,0.4919332688965074,20
168008276,1.8837702077001417e-06,0.0003596380400467404,0.4907778159019283,20
17875194,1.7232088385388256e-06,0.0002448204476398541,0.48760838165113596,20
115568617,1.5741221326526223e-06,0.0002599072700546342,0.4893370493937954,20
79798935,1.5702085465862936e-06,0.00029985974915489223,0.490780429855879,20
55077315,1.4067993567956627e-06,0.00043309889341068314,0.4942807075872152,20
117771775,1.3511403011867706e-06,0.0005728973417109881,0.49584732008566007,20
180288239,1.3385855706260496e-06,0.000274232540385504,0.49140582607134387,20
31444895,1.325815449398915e-06,0.00029711935489943453,0.4921433920309727,20
16223410,1.2640986122525178e-06,0.00045378498993863616,0.4950950758547433,20
75761722,1.2387328865104409e-06,0.0002627192474308713,0.49169833522939776,20
45459387,1.2338860065685963e-06,0.0002391195388510584,0.4909148376316008,20
16093865,1.2069940205194918e-06,0.0003174184342465464,0.49330478955138146,20
2263913,1.1214746555909815e-06,0.0003315885281978292,0.49404494430192125,20
147537606,8.610438376632778e-07,0.00013931150838529307,0.4891183851083628,20
14274022,8.427499749275036e-07,0.0012404993597643016,0.49880376971679846,20
106758406,8.333986799169412e-07,0.00015226054183941913,0.4903631948347066,20
11420080,7.057112027697432e-07,0.00022495973829121034,0.49447642176526985,20
159392025,5.800154691093518e-07,0.0005339196700195126,0.49808717539604896,20
174202219,4.845843404710504e-07,0.0002753299463181636,0.4969009791556779,20
42746809,4.189650556207791e-07,0.00024031103597010352,0.4969301811663098,20
72214276,2.443009332664392e-07,0.00022502840025710906,0.49808839001925775,20
9218157,1.752555129241884e-07,0.00022395950129418108,0.49862210997718964,20
69274510,9.102170721586589e-08,0.00022838780179866835,0.4992982456353013,20
130824536,-3.503424450546078e-09,0.0003205086724301306,0.5000192471425674,20
219473863,-8.21193565925249e-09,3.1462720410534144e-08,0.8712251007013229,20
62805199,-8.21193565925249e-09,3.1462720410534144e-08,0.8712251007013229,20
92524413,-8.21193565925249e-09,3.1462720410534144e-08,0.8712251007013229,20
16698389,-8.21193565925249e-09,3.1462720410534144e-08,0.8712251007013229,20
21204656,-8.21193565925249e-09,3.1462720410534144e-08,0.8712251007013229,20
140665938,-8.21193565925249e-09,3.1462720410534144e-08,0.8712251007013229,20
171001114,-8.21193565925249e-09,3.1462720410534144e-08,0.8712251007013229,20
145220028,-8.21193565925249e-09,3.1462720410534144e-08,0.8712251007013229,20
198432948,-8.21193565925249e-09,3.1462720410534144e-08,0.8712251007013229,20
170411007,-8.21193565925249e-09,3.1462720410534144e-08,0.8712251007013229,20
48390423,-8.21193565925249e-09,3.1462720410534144e-08,0.8712251007013229,20
23758109,-8.21193565925249e-09,3.1462720410534144e-08,0.8712251007013229,20
54649237,-8.21193565925249e-09,3.1462720410534144e-08,0.8712251007013229,20
88741329,-8.21193565925249e-09,3.1462720410534144e-08,0.8712251007013229,20
167872184,-8.21193565925249e-09,3.1462720410534144e-08,0.8712251007013229,20
82315309,-8.21193565925249e-09,3.1462720410534144e-08,0.8712251007013229,20
5014301,-8.21193565925249e-09,3.1462720410534144e-08,0.8712251007013229,20
23096027,-8.21193565925249e-09,3.1462720410534144e-08,0.8712251007013229,20
88941450,-8.21193565925249e-09,3.1462720410534144e-08,0.8712251007013229,20
35,-8.21193565925249e-09,3.1462720410534144e-08,0.8712251007013229,20
109541435,-8.21193565925249e-09,3.1462720410534144e-08,0.8712251007013229,20
20891536,-8.21193565925249e-09,3.1462720410534144e-08,0.8712251007013229,20
65872977,-8.21193565925249e-09,3.1462720410534144e-08,0.8712251007013229,20
116151707,-8.21193565925249e-09,3.1462720410534144e-08,0.8712251007013229,20
36,-8.21193565925249e-09,3.1462720410534144e-08,0.8712251007013229,20
105919708,-8.21193565925249e-09,3.1462720410534144e-08,0.8712251007013229,20
22,-8.21193565925249e-09,3.1462720410534144e-08,0.8712251007013229,20
88654882,-8.21193565925249e-09,3.1462720410534144e-08,0.8712251007013229,20
29,-8.21193565925249e-09,3.1462720410534144e-08,0.8712251007013229,20
10473162,-8.21193565925249e-09,3.1462720410534144e-08,0.8712251007013229,20
52477480,-8.21193565925249e-09,3.1462720410534144e-08,0.8712251007013229,20
10070912,-1.4757275782484313e-07,0.00016925214560920798,0.5015352678098319,20
35454352,-2.5338204411307076e-07,0.00027000954327039437,0.501652375212188,20
16627842,-2.741777485049113e-07,0.00043715421180745415,0.501104358889708,20
58663457,-2.816433510577365e-07,0.00043493631572323474,0.5011402143037299,20
66627049,-3.8886023754902687e-07,9.782080579302518e-05,0.5069992501214658,20
79713751,-3.960800453561841e-07,0.00026996730136880857,0.5025833414351645,20
75505096,-4.0367131620699936e-07,0.00045601937511015144,0.5015586790337564,20
191236627,-5.842535186817433e-07,0.0002771999454781549,0.5037112030700125,20
161803309,-6.057508783630094e-07,0.0007373091718590477,0.5014466273768896,20
77489122,-7.088956055778528e-07,0.0006092599324076613,0.5020487590987623,20
44950222,-7.438990445585159e-07,0.00026504701823976807,0.5049418819452783,20
36738907,-8.566140969612501e-07,0.0006075143823897902,0.5024827838722726,20
211866197,-8.61369069699025e-07,0.00019502833569175077,0.5077763379519393,20
28843245,-9.382576790228914e-07,0.0004970792203261155,0.5033235665703549,20
71870114,-9.786782655563097e-07,0.000384485931706098,0.5044819077053903,20
89532732,-9.980086504213225e-07,0.0005913241471642604,0.5029717867565596,20
94739161,-1.1407206930102999e-06,0.0003147164602780739,0.5063819461401743,20
10362,-1.4515761449618303e-06,0.0012133590295362448,0.5021065006973066,20
73192086,-1.5006810073825426e-06,0.00038737513973957513,0.5068209845155807,20
38702883,-1.5378880832195295e-06,0.00029928541506263004,0.5090471592777303,20
12228591,-1.5793872628122595e-06,0.00034742163661274217,0.5080041196204567,20
75143330,-1.6487273282184134e-06,0.0003557893122914377,0.5081589920327411,20
77818977,-1.7251878490887052e-06,0.0005253431104933011,0.5057821613784925,20
95739748,-1.7664143748319371e-06,0.00027420035392431607,0.511341608095927,20
94338348,-1.7906169358927748e-06,0.0005648722223731722,0.5055814938290654,20
37041933,-1.9976678104383085e-06,0.00018101584885257187,0.5194238095936042,20
119353493,-2.1235020797483186e-06,0.00018309012342256696,0.5204124968667915,20
71190157,-2.2238819753384044e-06,0.00023015126444224612,0.5170086328725092,20
111736573,-2.457152213813929e-06,0.0002899893981951,0.5149160503278095,20
95214337,-2.7901115526363095e-06,0.00026901391987918673,0.5182556044243058,20
81968159,-2.8750525209009224e-06,0.00022590389704510734,0.522396935471634,20
58886919,-2.886014402736503e-06,0.0001697225461339386,0.5299110634301036,20
6870454,-2.8877663641124763e-06,0.0002583758812030247,0.5196713000476723,20
35257084,-3.127820186266117e-06,0.0003841796311272303,0.5143324270149523,20
178886827,-3.2345674753186946e-06,0.0004431842579030304,0.5128488428576004,20
14235022,-3.27704335087442e-06,0.0003328869609071578,0.5173281038807827,20
60689029,-3.302388765630271e-06,0.0019384527859628573,0.5029997277457134,20
101746421,-3.368052756663742e-06,0.00045705629622845134,0.5129729797858399,20
151176082,-3.4803423941409672e-06,0.0003354449711988618,0.5182620686895425,20
119550240,-3.50978724441009e-06,0.00022425700828790075,0.5275343582370381,20
18078359,-3.671150262435363e-06,0.0004629132371741628,0.5139611124133228,20
70589510,-3.6978939940535137e-06,0.0003543716124198386,0.5183671986715942,20
54694393,-3.876666362417902e-06,0.00030101213691970823,0.522663920332822,20
90781070,-3.891434842839825e-06,0.0004322209041088523,0.5158487050136176,20
58001530,-3.898289133424937e-06,0.00044322397122884796,0.5154826834370572,20
13023025,-4.048155757757632e-06,0.00022905408823884924,0.5310854204685223,20
141043268,-4.067717285499705e-06,0.0002786805401194077,0.5256822381707017,20
31671262,-4.222327075648069e-06,0.0004505261357864226,0.5164972421443919,20
147371885,-4.448342233293046e-06,0.0002812326954358312,0.5278268850493102,20
58415256,-5.381748966448719e-06,0.00018511250939042228,0.5510404897309514,20
42547988,-5.5719615442151316e-06,0.0002560112570468263,0.538259658882421,20
35937299,-5.618439176985346e-06,0.0002625060973820354,0.537626348266073,20
862933,-5.703199208823006e-06,0.0003124226553984753,0.5321056751009242,20
69697975,-5.727022165824547e-06,0.00019064356448118022,0.5527286896306325,20
40142885,-5.792280312794107e-06,0.00017934847882438435,0.5566602616053229,20
33333126,-5.904749143859078e-06,0.0003630018506104334,0.5286156018396736,20
126755412,-6.054613411948795e-06,0.0002807721293390251,0.5379085939126103,20
9422177,-6.080344449349573e-06,0.0003682691838589286,0.5290442984875794,20
38452648,-6.118972742352735e-06,0.00048166911664237523,0.5223561571962667,20
47446556,-6.169986370502256e-06,0.000566792263140767,0.5191598914463872,20
8407174,-6.214228324791238e-06,0.0004788449270435205,0.52283752532357,20
194226486,-6.221041242721048e-06,0.00023357228520073315,0.5467816339852394,20
33650872,-6.256283607397606e-06,0.0001682656577672933,0.5651527323062934,20
99325271,-6.739195204813475e-06,0.00018585250653622404,0.5635555953944941,20
13683735,-6.74006974266117e-06,0.000305726452289016,0.5387529397168547,20
7669535,-6.831097673204445e-06,0.0002100355375880382,0.5570560948676666,20
14635852,-6.843667565631373e-06,0.0003931257372515947,0.5306202801837796,20
131320918,-6.847493730438581e-06,0.0002385343474606041,0.5504011035512938,20
77702510,-6.8871149656202226e-06,0.00040414497947531455,0.5299758240258933,20
113007517,-6.995300541340344e-06,0.0002286464784228542,0.5536946610619224,20
49252825,-7.061955658732577e-06,0.00033601519748346643,0.5369493481725358,20
104330202,-7.1463205707000824e-06,0.00013231297320918855,0.5941391513228859,20
95414584,-7.16601701658548e-06,9.915855206257816e-05,0.624960667977397,20
73559582,-7.305606499097283e-06,0.0004954447830730785,0.5259443683565116,20
99704552,-7.49495565882663e-06,0.0005019687009669107,0.5262703663370619,20
95,-7.63975805824213e-06,0.00044211256180455284,0.5303952173651716,20
26090381,-7.700511484992623e-06,0.0003150486307229222,0.5429482845180587,20
55050047,-7.879237436536624e-06,0.00022825137914858618,0.5605301750029013,20
69696932,-7.90720793326094e-06,0.00046678044110942267,0.5297979739581409,20
157974156,-8.181589909239673e-06,0.00023691294908197415,0.5605548003099384,20
70029800,-8.392584165595185e-06,0.0003725729298752946,0.539593614035552,20
81091205,-8.573089585550698e-06,0.0005167091459732262,0.5291867147378531,20
151941664,-8.658931481075882e-06,0.00033345721201623226,0.5456153652079889,20
35505197,-8.699641164527926e-06,0.00033099536675983214,0.5461680234077876,20
79691256,-8.716574276773636e-06,0.0006893424432229515,0.5222525880552628,20
25640406,-8.849127948762358e-06,0.0004268795505604446,0.5364463522142526,20
42110038,-8.989899340228202e-06,0.00027424585322699253,0.557503412561021,20
42828595,-9.160799278412624e-06,0.00019659518367905163,0.5814286767597845,20
36439115,-9.163467428885408e-06,0.0009565771316595079,0.5168621646017575,20
121576517,-9.31392205160142e-06,0.000372956550652399,0.5438771397997648,20
147977989,-9.34661157108163e-06,0.0004091278046847394,0.5401526216271095,20
90432762,-9.493967831186723e-06,0.00040708711456328235,0.5409869541942021,20
9018605,-9.50218926664692e-06,0.00025424487761943225,0.5654879380006557,20
14678245,-9.505821325345166e-06,0.0002674979221628283,0.5622963173475036,20
72559339,-9.520178772282062e-06,0.0008265092530128025,0.5202725576366118,20
66808302,-9.551994769285698e-06,0.000284498031604199,0.5588862149905491,20
39837755,-9.801054579505752e-06,0.0002815325031062878,0.5610400056985877,20
60486314,-9.938012397958662e-06,0.0001912887296859792,0.5906211250119089,20
184416530,-9.964334227563487e-06,0.00026851324362940176,0.5650282920900933,20
180624636,-1.0032634496526249e-05,7.43140494945022e-05,0.7234255702783583,20
24127743,-1.003904267671274e-05,0.00028421419527349944,0.5619245241413751,20
80082389,-1.0066305599804038e-05,0.0007082154062800111,0.5250098036958982,20
81701911,-1.0067584877954117e-05,0.0004163323544032449,0.5424921062544292,20
32494665,-1.007926581606533e-05,0.0004836472703085644,0.5366397181341032,20
87,-1.0239467274592017e-05,0.00025291409120131096,0.5708805217173614,20
66885521,-1.025467518817047e-05,0.00018142842198267872,0.5984211087482509,20
69297311,-1.0259902812720378e-05,0.0003107524036964019,0.5579140646294077,20
31044681,-1.0385423335285138e-05,0.0002899471550600148,0.5627867399371371,20
143363920,-1.0454792807257363e-05,0.0003161877968815069,0.5579990293366865,20
161603303,-1.0501556636016707e-05,0.0003329877351922362,0.555338285751057,20
134763547,-1.0644982412999494e-05,0.00023926281810480294,0.5777995228795287,20
27490543,-1.0648576638128127e-05,0.0010109813507914647,0.5185392722706559,20
44466606,-1.078091833330852e-05,0.0002880797038135575,0.5655733485786372,20
30853843,-1.096040738949311e-05,0.0003351196645111665,0.5573737252560266,20
20629817,-1.1049146149011423e-05,0.0004432296471507978,0.5437993073227039,20
100327000,-1.1103765896175456e-05,0.000672891025704625,0.529028467045522,20
40481736,-1.111268017059408e-05,0.0002165520295728272,0.5895313442440608,20
83670415,-1.1114744355156247e-05,0.0003102716729122589,0.5627941905110965,20
137557843,-1.1306986160147803e-05,0.0002326497265469633,0.5848736331247324,20
167594753,-1.1447993894742048e-05,0.0003869790475792674,0.5519306359374783,20
21202103,-1.1466870567711229e-05,0.002807469095526977,0.5071914720620329,20
46451783,-1.1634668934440428e-05,0.0002826858649794897,0.5720426076501366,20
42796789,-1.169035437897925e-05,0.0006278229689058233,0.5327473178131783,20
29470994,-1.1724223112385968e-05,0.00028674110446495396,0.5715759530587311,20
46152561,-1.1728705599117761e-05,0.0002212787488771296,0.5924193951544616,20
89292637,-1.1911775068007557e-05,0.00046706165865727527,0.5448048993141463,20
46446181,-1.2128508921216419e-05,0.00038669368104972683,0.5550372970407991,20
187619570,-1.2139313251147144e-05,0.0002791819996445892,0.5760585907174365,20
114550266,-1.2370080077361844e-05,0.00021559102277491,0.5998772648215012,20
63979,-1.2574512047397457e-05,0.00020529137731625617,0.6064518600256021,20
82021546,-1.2597773182354555e-05,0.00016576943210154613,0.6311561337333778,20
176082625,-1.2659389988262104e-05,0.00017465665339275524,0.6253161695829312,20
114344723,-1.2885089487157941e-05,0.00023788723067426966,0.5944020436173212,20
13040403,-1.293889729963582e-05,0.0005414358080950855,0.5419946721411464,20
116169445,-1.2947212061059644e-05,0.00015590894434041935,0.6427687721023921,20
164905981,-1.3161411496620534e-05,0.00021306361812382265,0.6073321256440312,20
18224619,-1.3204042871917121e-05,0.0002893931739644108,0.5797573909387601,20
52056672,-1.3285284977798684e-05,0.0006965953457086991,0.5335389665638357,20
131873335,-1.3293809238473786e-05,0.0003416618098262388,0.5681499122937966,20
76345018,-1.3338988833871967e-05,0.000359058386500168,0.5650988070650191,20
63474316,-1.3409912348166797e-05,0.00013129878345676687,0.6734859082735738,20
27892705,-1.3422330169488017e-05,0.0004280144885146197,0.5550283758873729,20
39858660,-1.345782766529191e-05,0.00027917515989411335,0.5841946513710989,20
28927507,-1.3518963091818659e-05,0.0007431784456140152,0.5319933423108765,20
118669178,-1.3568483649734065e-05,0.0003053273348100129,0.577710512794618,20
90322025,-1.358106878955878e-05,0.0006951743835965426,0.5343536010738305,20
127557672,-1.3614430956293555e-05,0.00020757410346029367,0.6137712475599912,20
119149676,-1.3663868620361619e-05,0.00013001233151322541,0.6781500478988913,20
95321506,-1.3870759111278553e-05,0.00015342011507974243,0.6547563254023774,20
23432694,-1.4098117932026533e-05,0.001213774435478996,0.520442354272828,20
33099455,-1.4371436743071397e-05,0.00043422281725655416,0.5580543483137729,20
151140870,-1.4609226022987976e-05,0.0015665766469019405,0.5164155844298048,20
23496693,-1.470349105042179e-05,0.0005316584573085614,0.5485665273030311,20
96030983,-1.4748608255721329e-05,0.00024947714256789966,0.602834698479082,20
51251485,-1.4863068748077746e-05,0.0004766103768301315,0.5547241246705649,20
111963664,-1.4939625519405642e-05,0.0002805593726218679,0.5928385509475544,20
158099317,-1.5059310756471157e-05,0.00045552773765474133,0.5579884205237431,20
37918385,-1.5202585487977815e-05,0.00040359554543542835,0.5659975049345667,20
27090719,-1.5313400346983474e-05,0.0005020001808680861,0.5535383922168945,20
196227630,-1.5625708979644104e-05,0.0005647545342245837,0.548587918177199,20
230688986,-1.5673132507620924e-05,0.0003970201980213017,0.5691334215753212,20
52395132,-1.5794362700166652e-05,0.0003807861157210545,0.5725972784694915,20
16073506,-1.594370399397027e-05,0.00036808904741191195,0.5757704439373397,20
31692920,-1.6121581045858147e-05,0.0002643762266243281,0.6059907903548423,20
89492648,-1.6279340004210497e-05,0.0002220018266410065,0.6267286068493743,20
111247577,-1.6515609383033204e-05,0.0006760198187870663,0.5429279237752774,20
19285005,-1.6661539521245495e-05,0.0005143814647289618,0.5568260109469887,20
44506732,-1.676316735943484e-05,0.00015861695224843477,0.6790696183612114,20
135354471,-1.6893088933672695e-05,0.0003215762511533479,0.5916121425543464,20
13612175,-1.701469121026533e-05,0.00026357089715165096,0.6120301379190545,20
42541131,-1.7104064636713768e-05,0.00024405564658639144,0.6213115299154504,20
29533312,-1.7545262556956098e-05,0.0001418772440227187,0.7066599288464974,20
17237543,-1.7756996573170535e-05,0.00020964736824018992,0.6454771899823346,20
105130436,-1.7768612576252175e-05,0.00011449608601576781,0.7519686976897526,20
32875190,-1.780104785338854e-05,0.000281040568277142,0.6099811471631065,20
86308622,-1.780206819364527e-05,0.00016141490991722018,0.6862457118440923,20
74875565,-1.7815255520381436e-05,0.0004215802395178429,0.57394557997854,20
2464025,-1.7916553391461588e-05,0.0005342467932257742,0.5588186872731064,20
104930250,-1.7925078655250948e-05,0.0005779792876925649,0.5544250497108134,20
19428277,-1.7973218960787295e-05,0.00016282134434679034,0.6863984202856243,20
141762780,-1.8030016116493687e-05,0.00021658124066773382,0.6431042645699647,20
77797555,-1.803658675059161e-05,0.00019990369592955799,0.6544590095494132,20
24206025,-1.8072761788390235e-05,0.0003382432608495003,0.5931492846340509,20
23839834,-1.810787047746287e-05,0.00017834990300254395,0.6725337293887581,20
161994537,-1.8130354064288533e-05,0.00032878363882897965,0.5960726488269259,20
46831206,-1.8498207145828395e-05,0.0002307633954423594,0.6380356883848737,20
144819345,-1.853610448027676e-05,0.00043202221920064294,0.575063589955391,20
21434230,-1.8605623380468782e-05,0.00029870385330380765,0.6082041104652639,20
168909319,-1.8775598274539673e-05,0.0002787433408260622,0.6167460925038466,20
57059803,-1.8853812799912716e-05,0.0004099849444748788,0.5803773510890577,20
98032708,-1.8877008049122955e-05,0.00017336609618503871,0.6840678629570414,20
103531991,-1.8890823346873197e-05,0.00018546918007946226,0.6730460367812128,20
31836292,-1.892818578939637e-05,0.0004088252688816287,0.5809151902473829,20
225506780,-1.9130837250097565e-05,0.0001343196134660298,0.7341231216306849,20
123780388,-1.92909292116239e-05,0.0003190466138906126,0.6051177573339082,20
225484401,-1.9352135486550016e-05,0.00039073236329060173,0.5864650352233821,20
13,-1.943874944592694e-05,0.0007403972690365135,0.5461177031447988,20
78102963,-1.9514287507677032e-05,0.00026375633997691714,0.6278202309144376,20
100551588,-1.9560731042733702e-05,0.00019556561156350703,0.6701451693126685,20
55045155,-1.9579587046314463e-05,0.00011526422103958173,0.7716121028838219,20
39343904,-1.9713320631103982e-05,0.0003154420108666218,0.6085530130823515,20
34019487,-1.980579097540791e-05,0.0002998160763413036,0.6145645567236058,20
31841608,-1.9850401641446912e-05,0.00035679652554502806,0.5969103771573694,20
100641796,-2.010521923373476e-05,0.0010442057105096202,0.5338587938974421,20
22881112,-2.0371594966606122e-05,0.00026085387658355007,0.6346306173172871,20
77,-2.0441660007297634e-05,0.00039904005224169196,0.5893782933109748,20
5470410,-2.0525846156349558e-05,0.0004238818545306975,0.5845689111416811,20
207685764,-2.0661530964399822e-05,0.00012098038194984603,0.7728075035865939,20
99084921,-2.078370571690913e-05,0.00018252114096120638,0.6917772507644548,20
169474940,-2.0817108897280835e-05,0.00025120005028353334,0.6424857230065113,20
39458551,-2.103292733615647e-05,0.0005981441747959739,0.5616491274434958,20
67875170,-2.104601502941339e-05,0.00029023339756556737,0.6253703675962621,20
82302551,-2.1149599846892464e-05,0.0009858562786310297,0.5377138677990569,20
115252256,-2.11900620314176e-05,0.00020280433917296213,0.6771902705095372,20
38974308,-2.1274169200052874e-05,0.00022441518849222153,0.6618185623793771,20
117548167,-2.139069401672633e-05,0.00028266189475464665,0.630625919651832,20
127382494,-2.1597731892436522e-05,0.0002728674059600217,0.6363719475887697,20
163795102,-2.176458363006839e-05,0.0001740408215293203,0.7087415599104765,20
16424407,-2.1969638854946184e-05,0.0002557845201029367,0.6474216543539586,20
56856423,-2.1991198590465277e-05,0.00044429104447559273,0.5864125710278967,20
240721552,-2.2039218304931163e-05,0.00048292386795989093,0.5797752874558588,20
22442983,-2.214020326246069e-05,0.0002479433618891081,0.6529524972172049,20
55254711,-2.231825097499529e-05,0.00015049092379797833,0.7424252590816482,20
10819717,-2.2491223309323295e-05,0.00022539747138246592,0.6697698978130373,20
16814624,-2.250016427070012e-05,0.00022446640829865017,0.6704893842809003,20
132788236,-2.2500816164566782e-05,0.0002540798310911623,0.65175745109859,20
57269661,-2.256231887617366e-05,0.00040318480729561003,0.5974645021491165,20
84370860,-2.2616658727198092e-05,0.0018880167966225457,0.5210822650720308,20
33695130,-2.2734000801344356e-05,0.0004133558610153669,0.5958251593898372,20
29252322,-2.27677781074076e-05,0.00047148879346069065,0.5843380232675403,20
77764613,-2.2860145559322477e-05,0.000627807485837984,0.5638189945950384,20
96214918,-2.286776895463749e-05,0.00037590519844957925,0.605743842714911,20
147630797,-2.2886680433509278e-05,0.00029404275853307603,0.6341989811067352,20
46648853,-2.29042610587038e-05,0.00020242204336939486,0.6906706278371078,20
169397137,-2.3032119182220258e-05,0.0006445715821954211,0.5626375337066252,20
44665700,-2.3035872180116045e-05,0.0002462260490374171,0.6598249495826785,20
29239679,-2.3148529956440456e-05,0.00030971246897920515,0.62907627515791,20
73460672,-2.3213484000206287e-05,0.00035147937153047677,0.6145397969096125,20
20679909,-2.3301409092030267e-05,0.00011064324505590176,0.8209490486342205,20
64022738,-2.3363371475731977e-05,0.00030406155910550826,0.6325504139158797,20
41503331,-2.3461067475544217e-05,0.0004902950358009781,0.583584953336464,20
188221282,-2.3510409638688445e-05,0.0004145347582425937,0.5987501863589519,20
78078512,-2.3601043589888128e-05,0.00028699914736286423,0.6414417984079432,20
87652611,-2.3806721599117785e-05,0.0003012484215479924,0.6361672477216938,20
74593134,-2.3918115916321535e-05,0.0003877388052641815,0.6071865367475219,20
171598212,-2.3995611690974528e-05,0.00023756662839969551,0.671704667529847,20
59659475,-2.404941402374683e-05,0.000267898682670026,0.6537217205434678,20
137431501,-2.4127881530550123e-05,0.00030863273356681486,0.6347641722372075,20
73631613,-2.4131578074387817e-05,0.0004115494403104324,0.602016072959753,20
215470153,-2.419016410942776e-05,0.00034112099694669223,0.6227005272024004,20
127145909,-2.4323306010082258e-05,0.00020786775181401532,0.6965921593556574,20
21285923,-2.4410028624899382e-05,0.000505060641353415,0.5844097870192648,20
68351510,-2.445400470838521e-05,0.00042179768909287213,0.6008943044291322,20
12272466,-2.4542303994062876e-05,0.0004445080700748144,0.5961895625072924,20
120751399,-2.4576162813949588e-05,0.0001070659863472241,0.8412361213202956,20
150340718,-2.4694525275154032e-05,0.00031332303003254704,0.6358176201059851,20
118345446,-2.482264101401621e-05,0.0002225009518725664,0.6882186062671882,20
46908828,-2.4865536767143537e-05,0.000172090189032011,0.737055730227814,20
410389,-2.499913364139017e-05,0.0005264759601926093,0.5829539648155742,20
239118919,-2.5013112692362504e-05,0.00034476142280582737,0.6254334214208992,20
88541199,-2.5086004787894246e-05,0.00040035083410142313,0.6088331499175059,20
59248761,-2.515966534779035e-05,0.00029559134709345987,0.6461580271745762,20
16951941,-2.5175458013154684e-05,0.00017713017907157328,0.7336981022598914,20
48289065,-2.5201702619903622e-05,0.0001623222075484995,0.7520613215902701,20
33098719,-2.529771527663982e-05,0.00019471500516216514,0.7159745946291436,20
1665272,-2.530619627120756e-05,0.0001263028127367522,0.8092788073413177,20
222704066,-2.5454792182832973e-05,0.002104656645086162,0.5212852495340765,20
81350676,-2.546532589098316e-05,0.00014945028024880648,0.7722985431862984,20
96108384,-2.549256527279442e-05,0.00045118505726359214,0.5983861568402965,20
15623644,-2.5602105372590776e-05,0.0004664424979124069,0.5956365004357221,20
77396033,-2.5898625860087952e-05,0.0006059045931015566,0.5747842935305496,20
68,-2.6093571068019904e-05,0.0003205647448357724,0.6400710657349378,20
195827205,-2.6152061757900304e-05,0.0002554953051756761,0.6738417894067399,20
23043910,-2.6169828903505055e-05,0.00039981162581687355,0.6135475614038468,20
153384069,-2.6406146493812565e-05,0.0001507763820926719,0.7784255879260131,20
150940867,-2.649561162729741e-05,0.00038050665060657466,0.6205584242208864,20
131350011,-2.6532418781788357e-05,0.0003189072737845068,0.6430217846735837,20
2862497,-2.6579625297601384e-05,0.0004019881654609779,0.6146665017818478,20
113902157,-2.6814988703716125e-05,0.0001682126004274679,0.7577167471036584,20
99549491,-2.6837014842928665e-05,0.0003514107357844078,0.6317751191620339,20
39661593,-2.685362623982557e-05,0.00012040562070241715,0.8344488612795021,20
90093298,-2.711620793284242e-05,0.0003549639334855664,0.631811689220517,20
35077059,-2.7160843522400225e-05,0.0004903602510515187,0.596491863745482,20
124783806,-2.7211344850536223e-05,0.0005121421008522705,0.5926385474105259,20
90532567,-2.731050252699485e-05,0.0003053772107772219,0.653173740450034,20
80767157,-2.7331884839487674e-05,0.0007318551982660952,0.565439121388536,20
21891943,-2.7386531450063202e-05,0.0005927427162437064,0.5807500917436883,20
72879259,-2.7415306383460348e-05,0.0003970024432727742,0.6195929755156823,20
5468902,-2.7545888277319407e-05,0.0004324277994232369,0.6105900332666333,20
115016016,-2.7547133226424324e-05,8.50121512887438e-05,0.9181983457768849,20
31293907,-2.7598792954325325e-05,0.0005339026239239935,0.5901754002293342,20
152593741,-2.7872293593173004e-05,0.0001944596336065138,0.7354104475825907,20
47152813,-2.7918419250777537e-05,0.002862431673149565,0.5171681718132861,20
127746755,-2.7918510948304885e-05,0.0001789352941099516,0.7531132472050628,20
4069426,-2.8026227553717974e-05,0.0003535968713989397,0.6365522775413623,20
90512684,-2.8193958185190882e-05,0.00035253096808749,0.6377309772361672,20
58161669,-2.8282904523879714e-05,0.00045147931527896897,0.6088076495146818,20
73102162,-2.8353102301909017e-05,0.00029402948685296226,0.6644284676051626,20
73740702,-2.835896394218773e-05,0.000361338590993512,0.6352700449622357,20
79566181,-2.83611609047274e-05,0.0003190930449413229,0.6522803047424053,20
27642318,-2.8403180640795832e-05,0.0006385125119434589,0.5777867736230777,20
21627842,-2.846311998845885e-05,0.00015972572072948338,0.782332385468993,20
164104976,-2.8474016392315838e-05,0.00021001788386934263,0.7242633139518433,20
25928507,-2.851332367581061e-05,0.0003267602796338394,0.6496507959576878,20
17226471,-2.8740695278661744e-05,0.00027920227887099855,0.67475691674533,20
84622732,-2.881186668219904e-05,0.0002070305639938567,0.7294532575546977,20
60849915,-2.9093470667257427e-05,0.00024059882520530845,0.7025269827228757,20
23632552,-2.9108239907515986e-05,0.00013526495853201308,0.8260255369616125,20
107448396,-2.92496432048317e-05,0.0003384491457397834,0.6482872300125884,20
14879296,-2.940566424923796e-05,0.00014158766282301618,0.817677546637374,20
137958438,-2.9440446018874634e-05,0.000341727622936802,0.6478462501471831,20
132150865,-2.9625075910894028e-05,0.00013077362426805336,0.8381306652045388,20
41177436,-2.9787019146371162e-05,0.0002523780164660247,0.6981346751257236,20
76833695,-2.981388394697193e-05,0.0006004044226880424,0.5866854941788144,20
82768986,-2.9910411197758836e-05,0.00021739367875020589,0.7271732785044449,20
23317309,-2.9960105021931138e-05,0.0006661821135511101,0.5786307267432933,20
17677606,-2.9994512754066838e-05,0.00024923855220002994,0.701655052174881,20
92812055,-3.0228948068083962e-05,0.00023206160491575387,0.7164776116859297,20
63092120,-3.023580193702302e-05,0.0005662937486839,0.5930829490229672,20
61487578,-3.0353420692041945e-05,0.00040189037735107683,0.6303783598566399,20
77889938,-3.0393377349796635e-05,0.00034536414159427425,0.6508581711040355,20
63622376,-3.050684126286174e-05,0.0001937635541011746,0.755047385495486,20
30635636,-3.053436638190132e-05,0.00045737835401093546,0.6157408892869383,20
29671327,-3.057397185330934e-05,0.00023824416455567175,0.713620010218837,20
163391538,-3.069400857689253e-05,0.0002526662138234143,0.7033718323553915,20
137831854,-3.073068866401019e-05,0.00020822807540383292,0.7414141744107152,20
27869017,-3.085817110913269e-05,0.00046519577037154754,0.6150251983214925,20
102533508,-3.1048539511996376e-05,0.0009212509614418146,0.5591083741162524,20
64262273,-3.112644403380771e-05,0.000256926113690838,0.7028719573896145,20
30620632,-3.1179058654340344e-05,0.0003918624518181822,0.6370564899029829,20
131569668,-3.122528003764447e-05,8.647249587720262e-05,0.9385907058224398,20
120812352,-3.161150245231115e-05,0.0002471192353551044,0.7130111944035573,20
237518018,-3.1623507769601436e-05,0.00036936013000073273,0.6469746800582692,20
81171790,-3.1782171283806225e-05,0.0004897187130889775,0.6126103131907115,20
129622231,-3.181336727984263e-05,0.0003007374911995542,0.6792281059929841,20
192226520,-3.1835932347257236e-05,0.00032039568707845024,0.6691028193512081,20
88314261,-3.1928719287910304e-05,0.0007323050871319648,0.5762632631415571,20
127789664,-3.198148992623051e-05,0.00017507693442961892,0.7879529884422334,20
172213091,-3.2004646665328985e-05,0.0002689759700375056,0.6995967719787213,20
175808334,-3.2005893926051464e-05,0.00022851027755375645,0.7307410164939605,20
18817107,-3.220343394260139e-05,0.0003841531181439909,0.6440557496046041,20
110451682,-3.2229821255697066e-05,0.00022420428546394733,0.7360071793885017,20
129021026,-3.223521951414843e-05,0.00024274995201956106,0.7201958173701948,20
9426264,-3.225925615898961e-05,0.0003090622766817294,0.6770215603682339,20
131560044,-3.227750412550523e-05,0.00034540524165832504,0.6596521173788557,20
106920064,-3.2285097522177786e-05,0.00036535648175161766,0.6514459395260233,20
22035150,-3.248997338365367e-05,0.0002960933602101688,0.685378731950735,20
61065504,-3.269146901065945e-05,0.00042212785500367784,0.6335542562649551,20
149971967,-3.283304121873831e-05,0.00022017097218810015,0.7435754353340016,20
154858565,-3.293843735435176e-05,0.0002921421013051278,0.6900496023060945,20
15880326,-3.2953071798996755e-05,0.000468005680948624,0.6218616705756247,20
93680662,-3.309124070403069e-05,0.0003034835429356217,0.6843054478786827,20
8870738,-3.316256452237099e-05,0.0003989111108244222,0.6429150238610291,20
45244632,-3.324034109514762e-05,0.00028171028240317117,0.6980880350894143,20
78090169,-3.32442549049683e-05,0.000296828247174647,0.6888927960391159,20
76300450,-3.3357581101856046e-05,0.00044356901770186774,0.6298409826003412,20
197244125,-3.3399770159120434e-05,0.0002882976831051492,0.6948168747669268,20
129671311,-3.357920486101729e-05,0.00038266240239518307,0.6504483925995195,20
113343409,-3.368140689666843e-05,0.0003650984044032655,0.657729284566537,20
82573127,-3.3811311145853784e-05,0.0001392849636960892,0.8543823820853202,20
664931,-3.3847329679298485e-05,0.0003309735873632918,0.6736960832981433,20
24087441,-3.388099128058264e-05,0.00026863171872466124,0.7103393442882164,20
16076022,-3.392289580479435e-05,0.00046308192577552195,0.6266035771626461,20
40859036,-3.398957273540448e-05,0.0003332484664555865,0.6732678426419807,20
36244666,-3.407168292098861e-05,0.0001853323359649281,0.7894084609509635,20
156197509,-3.4153813032267165e-05,0.00067909300731262,0.5877779657104443,20
2661675,-3.420848969116208e-05,0.00023376392909649874,0.7396645481707858,20
196442969,-3.4236230809159276e-05,0.0002067593924368152,0.7659805273650281,20
22429609,-3.4248231535072285e-05,0.00020398891227130497,0.7690257871357301,20
15093122,-3.433077658216432e-05,0.0003435503840673349,0.6699993623666023,20
62100799,-3.4635281224326686e-05,0.0005447078351788668,0.6103951514211707,20
136261507,-3.466187249777097e-05,0.000753547324890441,0.5803974494974337,20
145649671,-3.482509724779259e-05,0.000406395511451903,0.6470979709114337,20
130986010,-3.482574872710753e-05,0.00017937057024839049,0.8019642606946578,20
77218937,-3.4860468123015796e-05,0.000672748788007792,0.5903900731230076,20
37316666,-3.496964520746659e-05,0.00018452108106771828,0.7963778544738713,20
37106190,-3.501079238009686e-05,0.0005193852182069925,0.616830245667306,20
216498083,-3.5104999772067605e-05,0.0003447149479434767,0.6730200039601497,20
3202697,-3.5162032616803396e-05,0.0005702874175355417,0.6071366814193877,20
6468261,-3.526237112153052e-05,0.0005520419335134205,0.6108864734662313,20
80548976,-3.5307399575534856e-05,0.0004165036916154893,0.6455940590708882,20
9670416,-3.536243823024088e-05,0.00039133453116747325,0.6546810088083665,20
106245468,-3.545572186329782e-05,0.0003630933192126662,0.66637426371293,20
55120301,-3.547535811455615e-05,0.00014568924137161064,0.8551055024089166,20
11021540,-3.552876230439872e-05,0.00033363338266434797,0.6803328821378756,20
143371663,-3.567370425811567e-05,0.00014629414104760645,0.8554406281430055,20
34337112,-3.585863993027516e-05,0.0002190667920803631,0.7634597130293554,20
139463565,-3.587257038803471e-05,0.0003386568623128032,0.6794496983262466,20
97943202,-3.594520566203019e-05,0.0002203390294337511,0.7627227162652979,20
80492525,-3.599037061233212e-05,0.00018592271052198948,0.8012734983168791,20
121412890,-3.6048572881047794e-05,0.00044374485194217207,0.63980560053022,20
107959027,-3.610788933368081e-05,0.0001314493544272302,0.8828616259267614,20
27291822,-3.611457336069601e-05,0.0001319555043835409,0.8820370166258981,20
7016540,-3.6229205770310637e-05,0.0004120189425531406,0.6507397505237396,20
77107595,-3.6230009861043524e-05,0.0003211062243258539,0.6901740606111375,20
15750835,-3.6259170431385265e-05,0.00040218603332434037,0.6543439515590366,20
54352772,-3.632968455453134e-05,0.0003236146483128518,0.689300208659398,20
66694847,-3.6368203123882116e-05,0.0005479303917675328,0.6150925056131928,20
205258235,-3.637961501117282e-05,0.0003301552022350353,0.6860934430100276,20
81571849,-3.647044786558862e-05,0.00040157285652720344,0.6554166324175954,20
57662473,-3.6573344194706926e-05,0.00043309588133246137,0.6450638073087867,20
99125956,-3.666057132322154e-05,0.00033133810289951045,0.6867980128927755,20
158199933,-3.670650146778698e-05,0.0002350077355584725,0.7533415070444912,20
19457970,-3.6708876410140866e-05,0.0004093728645629126,0.6535606125848641,20
30872571,-3.673729581104013e-05,0.00023212922073305046,0.7561600105697162,20
36878042,-3.7033066684466484e-05,0.00030544502633555315,0.7030133062474229,20
58897769,-3.704417733110255e-05,0.0003602277114158524,0.6745943138184339,20
30068583,-3.716621462901415e-05,0.00044120207336740007,0.6447242664741082,20
43325705,-3.728551038466032e-05,0.00046912506075084894,0.6369123007636102,20
39659031,-3.730424861633774e-05,0.00020627796268457083,0.7856680500485846,20
29088278,-3.7421107058221995e-05,0.001729694633768914,0.5380318824548684,20
144935530,-3.742797885265547e-05,0.0003107181123079821,0.7018242221615965,20
46316218,-3.750387818790557e-05,0.0002973778264194308,0.7103258221638233,20
81482492,-3.756863266881627e-05,9.878479145103913e-05,0.9473536655441336,20
228911279,-3.7640963340146436e-05,0.0003455505752797427,0.6841381150582164,20
24119079,-3.76790194191734e-05,0.0002611211197402933,0.7367804926902299,20
75561689,-3.77645038833474e-05,0.0003124051232153878,0.7024695916783974,20
89312903,-3.7930697221177925e-05,0.0006247471131621278,0.6055402633230869,20
143372474,-3.799363783165144e-05,0.0004822610239572384,0.6357638451749017,20
172278880,-3.80363314968657e-05,0.0020587855823696677,0.532492338548129,20
98390987,-3.8256981065543096e-05,0.0014294467896786961,0.5470073571054487,20
119374066,-3.827968204518917e-05,0.00044305136217943154,0.6482506527962688,20
201636724,-3.8381464754838615e-05,0.0003191495841266771,0.7015295382866049,20
83322217,-3.843876675757585e-05,0.0003300600371151717,0.6957470117576529,20
242723236,-3.8539594300018856e-05,0.00029336307849178034,0.7181111557592443,20
20801203,-3.854394848266662e-05,0.00024124202297330896,0.7582055104159089,20
95926648,-3.857289426213439e-05,0.00029578552000459723,0.7166925309204808,20
21628320,-3.863988361889059e-05,0.00018781816550337814,0.8154604799974,20
52642921,-3.876905687313359e-05,9.960842081289836e-05,0.9510394981155876,20
109140966,-3.878383930743801e-05,0.000887076130261165,0.5764715491009434,20
43542037,-3.886247266929321e-05,0.0002788972740733981,0.7297066160404826,20
150180430,-3.889125251890224e-05,0.00027691437011227607,0.7312887017695502,20
117055764,-3.8917243566877205e-05,0.0001711029233834617,0.8390778466608664,20
36572119,-3.915542615333667e-05,0.00026071596328072224,0.7450525749035056,20
80706259,-3.921484765919692e-05,0.0006192877345406552,0.609951975294089,20
37022572,-3.9268269280906544e-05,0.0002980620773826272,0.7186603481516687,20
147580462,-3.931822227313253e-05,9.804968994006764e-05,0.955573814357909,20
65093851,-3.936489513506891e-05,0.000266991707378399,0.7412130870589435,20
38519583,-3.958944654129937e-05,0.00024232648934802741,0.7630384209855139,20
33075924,-3.9884503405779315e-05,0.0007981035552713947,0.5872306012978693,20
121813304,-4.0202300626068777e-05,0.0002850951112568948,0.732103235098736,20
75887579,-4.030539015948409e-05,0.000353583319863606,0.6919633958588833,20
23285018,-4.032668250287252e-05,0.00022818044490512015,0.7804663214497014,20
84716629,-4.0410143682695354e-05,0.0007423218887177525,0.5948677333684658,20
166269399,-4.044491207250145e-05,0.00039061809770721766,0.6757053220163332,20
44449690,-4.071822338973519e-05,0.00023090700881996438,0.779967529962768,20
131856656,-4.086577921129653e-05,0.00018851858590731614,0.8277470146836653,20
65684251,-4.104835495910009e-05,0.00013120106043593786,0.9110635072256696,20
51441172,-4.112646856752611e-05,0.0003679385667610109,0.6885484433396967,20
86107574,-4.119054029806946e-05,0.00047688618616949317,0.648208061674409,20
67095264,-4.124325114963079e-05,0.00030901972807615606,0.7211807323664596,20
22605557,-4.14951356550286e-05,0.0005588635754620251,0.6282575297739417,20
232490297,-4.162390744634759e-05,0.0015717222210182577,0.546517127636168,20
32713031,-4.1677771791065465e-05,0.0007754019751175354,0.593693661329999,20
38,-4.168568341991197e-05,0.00043737031842504975,0.6626379608046304,20
109360772,-4.176903486585171e-05,0.00031730569651544486,0.7185006260514055,20
135076036,-4.1817495351026415e-05,0.0005751806018139942,0.6256854752782817,20
101522541,-4.1880965252788505e-05,0.0001883843757495851,0.8336974169766381,20
26729319,-4.191470637444627e-05,0.000842909663080101,0.5868053830516873,20
6466081,-4.196850235102523e-05,0.00023818186682547318,0.7797929967905939,20
58085780,-4.217232489279743e-05,0.00035357655803045754,0.700031753298094,20
31072993,-4.2388208715932187e-05,0.00047380973650781627,0.6532231011418839,20
38657819,-4.263337772741349e-05,0.00010460522043094012,0.9579358964857669,20
167795709,-4.2651841686758284e-05,0.00041799873852282947,0.6733365636285139,20
59525031,-4.2675405875158834e-05,0.0007682332108601687,0.5967654755319687,20
64823406,-4.269201696672775e-05,0.00038970024255402503,0.6851024921331184,20
48346333,-4.270885665855761e-05,0.000475445965190411,0.653816358167087,20
125417543,-4.27138751276257e-05,0.00024950859162554403,0.7733378745920415,20
153495323,-4.274885793582039e-05,0.0004634453756912525,0.65771069982609,20
17899701,-4.297480742818105e-05,0.0004640090087265475,0.6583143061965351,20
80219866,-4.307406567953809e-05,0.00025179842851098225,0.7731736700717855,20
1200886,-4.3153940261286825e-05,0.0011022427534557473,0.5685688539950822,20
32497338,-4.3253038766510876e-05,0.0004732739612396701,0.6563400926055429,20
34052945,-4.333423788270841e-05,0.0002554804804555833,0.7712876708946139,20
37642802,-4.362807185326889e-05,0.00044507070860669117,0.6669731310436741,20
29871342,-4.369249388221919e-05,0.00021556180373548454,0.8119781470891734,20
44598561,-4.375214411608819e-05,0.00019559287406740764,0.8351491608851157,20
19685095,-4.380063185844829e-05,0.00043350080450948916,0.6717576991183982,20
175404089,-4.390108990611763e-05,0.0001671227282903809,0.8727008555456105,20
30214629,-4.399705536046738e-05,0.0005208166337713431,0.6451140594304969,20
38940540,-4.409578985888896e-05,0.00024908413913142817,0.7808485663820424,20
32297293,-4.4185451457823265e-05,0.0002796560724049268,0.7558028640386439,20
9467896,-4.42367445590508e-05,0.0009746333189135709,0.5793463682670147,20
124914613,-4.4255846258811625e-05,0.0003885674576033229,0.6918153166888519,20
57647842,-4.427979266203308e-05,0.00027679200655379184,0.7584782911505963,20
1817310,-4.437753146899204e-05,0.00042663621488290063,0.6764548362365974,20
110606035,-4.442003791561566e-05,0.0002800411617935648,0.7566448638022341,20
134259962,-4.4436222333893435e-05,0.0003512206227316101,0.7109282713639042,20
169597238,-4.448652561770405e-05,0.0004696969234370291,0.6616823276561465,20
113663529,-4.449922356238312e-05,0.00037077247021366196,0.701159923911091,20
149252895,-4.4503680333934924e-05,0.00042062173178662054,0.6792594496823987,20
132970636,-4.46847961593555e-05,0.00029136765338608396,0.7494562753855047,20
34296022,-4.481599734788011e-05,0.00039430269830973834,0.691452336164472,20
260319,-4.4917828232904355e-05,0.0007930527782105003,0.5986207559423463,20
99191529,-4.491995346734279e-05,0.00042130642614104176,0.6805364469619752,20
30433267,-4.5006693483995444e-05,0.0002817314832012331,0.7581749445849664,20
83522357,-4.508121985635216e-05,0.00031377275838017434,0.7358974240562852,20
101715021,-4.5417966735689096e-05,0.0002570324157230375,0.780427806274925,20
78644250,-4.5592119468557124e-05,0.000372316411011215,0.7048413250571997,20
54654069,-4.5692329449631416e-05,0.0001935941926966233,0.8477871710988159,20
3666277,-4.5714115197886816e-05,0.00025634605759568903,0.7824967554336354,20
29419740,-4.5804433796770014e-05,0.0002752320751983426,0.7670867994874937,20
183815561,-4.582958792897496e-05,0.0004402527328805299,0.6765823337520223,20
140065292,-4.5872276511937923e-05,0.0005630315691570864,0.6401941950648229,20
36879339,-4.6002290294655526e-05,0.0004453108793683162,0.6753321492340727,20
92134899,-4.606295290687235e-05,0.0003337515460122422,0.7277934781156539,20
122111456,-4.607284535471656e-05,0.00024107153113286746,0.7983171870015968,20
14675207,-4.6097155355490085e-05,0.00043428513611615054,0.6797923505606238,20
40375442,-4.616991894819122e-05,0.00040748529006543117,0.690906977829713,20
6869794,-4.63425396516004e-05,0.0003772725250745432,0.705413775484629,20
15475595,-4.644226193052936e-05,0.00014862893217585226,0.9108024555543155,20
61700455,-4.64974381143235e-05,0.0003412276337166805,0.7252598343275265,20
33097486,-4.655648422126068e-05,0.00029255613116006975,0.7573455573358684,20
104044426,-4.661812571408741e-05,0.0003072159981404076,0.7472191049842645,20
1011120,-4.6740912707232685e-05,0.000141504175017559,0.9219984479194107,20
29619742,-4.678912984669159e-05,0.00029351363033041413,0.7577155562554228,20
181011487,-4.6816190002846315e-05,0.0004524913315526997,0.6755831312127425,20
53879927,-4.685099660394765e-05,0.00014140758239156363,0.9225927015086499,20
201052249,-4.69040008905075e-05,0.0003014624207054593,0.752514662295368,20
21422699,-4.697684317951367e-05,0.00025427304727485537,0.7905344210724965,20
150454606,-4.70874792541931e-05,0.0007700611637420594,0.6062752777814125,20
201453052,-4.728406334327251e-05,0.0003726157638990331,0.7114915268525236,20
48088731,-4.7471981528079964e-05,0.0004162182690681074,0.6920622077827976,20
74073037,-4.7660354324130516e-05,0.00047585782940992686,0.6703598208512397,20
17499589,-4.766766233346154e-05,0.00016575249438238957,0.8930716177715986,20
125181149,-4.77647149291327e-05,0.00045474410551134763,0.6780555433973483,20
39107814,-4.778449378847749e-05,0.0003171412096845619,0.7457321483906385,20
58254694,-4.789981432296031e-05,0.00020766472059321686,0.8423797633269453,20
49914048,-4.79076359430175e-05,0.0001444285939337541,0.9228200375603909,20
80399193,-4.807480764693617e-05,0.0003657852769496172,0.7181955388061836,20
97189925,-4.8081220835116675e-05,0.0005512758843945559,0.6495815308197439,20
232290285,-4.8200991083485746e-05,0.0013636937445942827,0.5619658926074701,20
104910959,-4.825337142660424e-05,0.0002605434917815172,0.7910945518857333,20
190836378,-4.8489725797945524e-05,0.0004404998587637803,0.6859219536055681,20
25834523,-4.867866456014225e-05,0.0003046428459499067,0.7582275889460239,20
20755388,-4.8723480564366595e-05,0.00021629138302292435,0.8368062153599287,20
42844718,-4.883954198529605e-05,0.00013499566043012292,0.9389233767667878,20
113527942,-4.8955527972061044e-05,0.0012424543612321274,0.5690041269742487,20
72490377,-4.927771873082798e-05,0.00024368490636093328,0.8114330863414909,20
82292233,-4.9300464373275285e-05,0.0003652508204476771,0.7233874371016493,20
166506980,-4.93737777624903e-05,0.0002621727775207527,0.7949283283801771,20
31739048,-4.938279762360942e-05,0.000585613656111939,0.6448681762198516,20
61665721,-4.938689626008408e-05,0.0004982384968462035,0.6687193860661966,20
48310931,-4.9550553768001884e-05,0.0003215726343993037,0.7504561042017859,20
31473669,-4.955914604796163e-05,0.000579379610342727,0.6468463383675733,20
144648478,-4.9624336970399695e-05,0.0003685374202356015,0.7229140910736169,20
232914197,-4.963906669614992e-05,0.0006143076563365535,0.6390951095835498,20
156059013,-4.9648995958906374e-05,0.00027276274119922056,0.787143588638038,20
181611787,-4.966856225325777e-05,0.00015819707625380238,0.9117877981835626,20
94012670,-4.9685194190446366e-05,0.00033649429521543533,0.7415173528287536,20
48790620,-4.971014804945884e-05,0.0004259582632256024,0.6961166984823428,20
38836785,-4.978338546245964e-05,0.00020877140155605564,0.8502010864827523,20
76963674,-4.981353115878218e-05,0.0003494265562399106,0.7343087032304603,20
77277628,-4.994772579139384e-05,0.00019700783423381383,0.8645146655259756,20
240899306,-4.99481521407219e-05,0.0002248760669320538,0.8334826810497041,20
156182956,-5.018481009168574e-05,0.00020215834032273074,0.8596138125459506,20
86851897,-5.027737102472618e-05,0.0003095915162119017,0.7617372771512166,20
53663219,-5.032984316914457e-05,0.00024492099386756456,0.8151915220621837,20
58862232,-5.0396719889150844e-05,0.00021695566582391704,0.8440389288498389,20
30295538,-5.043918045877227e-05,0.00020174903692416016,0.861263796793225,20
155581311,-5.055378680949851e-05,0.000396838365491698,0.7122259147087501,20
41887474,-5.058292419451993e-05,0.0005996498221419984,0.6449131568054182,20
71499871,-5.06422140821694e-05,0.00037322062350976737,0.7244242815413968,20
187419316,-5.0756513965816155e-05,0.0002643943193669983,0.7993488949168852,20
44606492,-5.076410385909114e-05,0.00014463473285388992,0.933498053450161,20
85449760,-5.102292628820226e-05,0.00014615366800008187,0.9325157057536727,20
65877053,-5.1143700018857484e-05,0.0012036059183381975,0.5743495309459735,20
68257083,-5.130322514904639e-05,0.0003191500266150857,0.7595224945024902,20
218273211,-5.138935113045417e-05,0.00046137760102355234,0.6879409952939314,20
149091694,-5.149254034264583e-05,0.00025565024147902797,0.8105061081398321,20
71268514,-5.14963730416651e-05,0.0004066051455908032,0.7111221967649315,20
55646000,-5.152813530447387e-05,0.00025126120899727345,0.81471667418123,20
231489602,-5.166357086054396e-05,0.00011085773048104584,0.9745587689841138,20
4413859,-5.175291988710473e-05,0.0003736173012165414,0.7285189271776307,20
82802203,-5.176851703497243e-05,0.00044331726492694386,0.6962287867566335,20
154985501,-5.187989033462181e-05,0.00024831385627348664,0.8190783684349661,20
122325454,-5.1892537398501307e-05,0.0003832531142490832,0.7240032686510327,20
1801065,-5.2084424453752166e-05,0.0003754444979905079,0.7288199049070729,20
7618759,-5.2170998367290224e-05,0.00023158277093776342,0.8368191415768965,20
21637665,-5.235948212277686e-05,0.00011987452124564246,0.9671688640721215,20
29895929,-5.255496468961618e-05,0.0001366599484572287,0.9491450812219798,20
37278360,-5.263115620302017e-05,0.00028357732631088036,0.7915813362638053,20
20236625,-5.2650046575941636e-05,0.0002981419058397907,0.7802909168199299,20
16485829,-5.280729902248926e-05,0.00012127297746050246,0.9667872660102358,20
94316135,-5.318820419136783e-05,0.0002684777777751391,0.8066466096841827,20
73581599,-5.340710943460558e-05,0.000413169210223792,0.7149997327465032,20
55445976,-5.341117092767522e-05,9.143889673326696e-05,0.9914345518277595,20
49957317,-5.3417556459484096e-05,0.00015094593269358451,0.9349944720202135,20
142535439,-5.348740234533689e-05,0.0005652066346362984,0.6615542512780028,20
119153191,-5.356884559653552e-05,0.0002804192024682809,0.7982138082430702,20
125276075,-5.3599009821886366e-05,0.00038630273241111026,0.7288506790787961,20
168196092,-5.3621109843254854e-05,0.0007131102956726744,0.629825394357034,20
5404262,-5.371294304030161e-05,0.00024816148789852166,0.8273885284032967,20
30690315,-5.3732024784042264e-05,0.00044685560596561397,0.7015038558376929,20
110137377,-5.37438989865191e-05,0.0002937156899282251,0.7883370991668271,20
165392115,-5.418691309376222e-05,0.0001904956908815394,0.8906579228683149,20
12239399,-5.426765760334073e-05,0.00035193619706276645,0.7506063184603693,20
200835590,-5.4268707699123285e-05,0.00022986201612089382,0.8478582342372567,20
175004606,-5.4540690524779165e-05,0.00041227124693200183,0.719464794786526,20
165992730,-5.460381409693738e-05,0.00036152943867158395,0.7462365718761392,20
212494010,-5.471416670007057e-05,0.0004359884800215339,0.7093993022924889,20
71288995,-5.4753936331231044e-05,0.00024506046560563024,0.8348754637330877,20
96482880,-5.498293670651022e-05,0.0009062708345355833,0.6054653057588616,20
94898936,-5.499123845522092e-05,0.00023635421100025452,0.8444177325830531,20
102729253,-5.521481726160071e-05,0.0017133213204391093,0.5565392869276007,20
186018203,-5.5248301764171394e-05,0.00029698712722652713,0.7921137456129209,20
123753867,-5.5318960347200405e-05,0.00014950969793635585,0.9427947685129748,20
33272665,-5.54871813615132e-05,0.0003622943789944609,0.7491703849087581,20
88112010,-5.613737153405407e-05,0.0005677907202295589,0.6683170767031226,20
67665731,-5.614403663572465e-05,0.00041012132089164035,0.726174568863265,20
87555833,-5.626714674897282e-05,0.0003533219310946998,0.7575009802639656,20
111810753,-5.62740782710569e-05,0.00024930020847521126,0.8372874738648604,20
61126752,-5.630751275562118e-05,0.0005137373911034375,0.685184452395887,20
19026532,-5.6342425951144694e-05,0.00015624644962069776,0.9383465376608263,20
39280677,-5.6612125871624565e-05,0.0003591460623988431,0.7553006662502311,20
169797512,-5.661428980985317e-05,0.00020690299744609918,0.8819872999826635,20
25728504,-5.678897885530443e-05,0.00030764462481813726,0.7903403700254352,20
67665171,-5.681664648805595e-05,0.00025324389592130346,0.8358495482437295,20
189423944,-5.697245903196757e-05,0.00043469425052323476,0.7176574494440799,20
150575290,-5.7028516443607955e-05,0.00028610570810402603,0.8080720199000471,20
35905513,-5.7043322187078085e-05,0.0002678566203809631,0.8235718963949341,20
37373027,-5.7074297778725305e-05,0.0003510756792430919,0.7619658189650859,20
93325422,-5.707566796611663e-05,0.00035235215427987257,0.7611820939155894,20
226107787,-5.7125201622815204e-05,0.0003932758568270442,0.7381361862935938,20
94098799,-5.7218904230427195e-05,0.0005115474956639119,0.6886707482856447,20
105330658,-5.734967799447266e-05,0.00011086807403239362,0.9839684800144284,20
71590331,-5.735872237797035e-05,0.00059073058605347,0.665495583288455,20
9618822,-5.7359522952454836e-05,0.0004996880081452055,0.6931911198977639,20
40302318,-5.738386150675456e-05,0.0002681898868757127,0.8246797097655525,20
68027534,-5.744131329872837e-05,0.00016771335016129335,0.9289602491343352,20
31538982,-5.746915451311785e-05,0.0004374469557566129,0.7181145924803943,20
19114217,-5.7471002600639755e-05,0.0005233910922216898,0.6854971251850304,20
152995177,-5.7514913109718566e-05,0.00020782429891706393,0.8845391935831353,20
161702574,-5.751646012583378e-05,0.00014640506495733444,0.9524819721003313,20
11638823,-5.7553679997685014e-05,0.0003522728969599895,0.7630461164984483,20
63405625,-5.767617012478188e-05,0.0003935977692167525,0.7399435200976665,20
34698465,-5.771796481721103e-05,0.0003663251897146068,0.75520484108063,20
127530325,-5.788673094098695e-05,0.00030530695417060226,0.7964823519029092,20
4664349,-5.8004540319250844e-05,0.00021134462836512786,0.8826682117900766,20
46887918,-5.802138666349266e-05,0.000294756922878156,0.8051564723150477,20
64729115,-5.818095876165552e-05,0.00017155037875635136,0.9270996688120466,20
59402460,-5.8186684864358626e-05,0.0004915197435447787,0.6986760113997147,20
105091910,-5.825567156355627e-05,0.0002958652924696351,0.8052207403670124,20
5414469,-5.855753234933481e-05,0.00035672477214427766,0.7640793305445995,20
44045851,-5.862237593110553e-05,0.0003243117194048552,0.7855610701353636,20
88274261,-5.866599314102161e-05,0.00033839042444870426,0.7761544242097891,20
65148643,-5.872101601020474e-05,0.0005339128622103874,0.6857722898852389,20
136678543,-5.876786104008214e-05,0.0004453568961505212,0.7189710050253559,20
66975075,-5.8881376516245476e-05,0.00036899624135675334,0.7579336713518998,20
50253488,-5.8960311154293565e-05,0.00039875863906803973,0.7418039187555387,20
62665549,-5.9163529593680984e-05,0.00016825581511017892,0.9338339376282817,20
61945536,-5.9184022794322996e-05,0.0005676239422992186,0.6768462165101693,20
124754548,-5.9215092670700244e-05,0.0002810771707843096,0.8210299663129763,20
57485219,-5.929044281158813e-05,0.0003523230317936831,0.7695403026245715,20
180210791,-5.93831483520546e-05,0.00023519412803949083,0.8635551696611998,20
148538622,-5.940596571535894e-05,0.00048196526867725395,0.7060482556615197,20
49933823,-5.976145992842574e-05,0.00042649873011858444,0.730823992664454,20
71890055,-6.0000191016990055e-05,0.00012858021189704664,0.9746935548922786,20
106401511,-6.0086834563166655e-05,0.00013258979080517082,0.9715178017648735,20
44058077,-6.010377560394242e-05,0.0003124081281193504,0.7998489461495115,20
26866087,-6.0239557956681675e-05,0.0003560261452943907,0.770740110032267,20
156459856,-6.0245478573789366e-05,0.0003785537312171789,0.7573584301470773,20
12873605,-6.03144002230549e-05,0.00033362531687013814,0.7855930754600865,20
91056553,-6.031819508061642e-05,0.00040834843270823643,0.7415975948013922,20
156498504,-6.035217489052669e-05,0.0003323454909416477,0.7866083125227827,20
222103910,-6.036826272468043e-05,0.0004691137317692306,0.7141466753536425,20
87805950,-6.0397147392216025e-05,0.0004058078903220032,0.7431654395438339,20
20021661,-6.046964631973295e-05,0.0003358961323448579,0.7846375603940736,20
26435052,-6.0563929408014026e-05,0.0003571747200788948,0.7712161781803929,20
209463063,-6.057710645308023e-05,0.0005297041445593634,0.6925304388704367,20
28010729,-6.059634781168111e-05,0.000409294318662852,0.7420719214411535,20
93305152,-6.0614253494012395e-05,0.00018087984382321362,0.9248017158651765,20
87911927,-6.064941018973369e-05,0.0003373791289751584,0.7843119548943769,20
25120924,-6.0794185795803866e-05,9.990695685655803e-05,0.9932247643073375,20
2811805,-6.083121266811098e-05,0.0003327371851608617,0.7881393761664475,20
73680124,-6.083685458773691e-05,0.0010128471478998184,0.6044413113721585,20
124954858,-6.0968231627489544e-05,0.000332155506783162,0.7890510989661893,20
12289206,-6.099552081771931e-05,0.00028676275799448584,0.8232863519645741,20
66071190,-6.115257323489054e-05,0.00044942088306514706,0.7249761844544544,20
64683679,-6.115511683955078e-05,0.0005287804865856947,0.6945129546298867,20
45807376,-6.138459517857076e-05,0.0003605589472920826,0.7721097244285199,20
29814491,-6.153332796169919e-05,0.0002650499465150749,0.8439041775683802,20
95927037,-6.161046424069117e-05,0.0004982188215196811,0.7066544682704943,20
8617560,-6.162383859966702e-05,0.0004014326261913567,0.749659670487898,20
18082483,-6.162447613732857e-05,0.0002905298669533659,0.8226296609717273,20
56847002,-6.164482872299537e-05,0.0005526981992054496,0.6881759152381897,20
87710532,-6.165949854954888e-05,0.0006590645801309054,0.6598254177104701,20
29764960,-6.173943774364088e-05,0.00021082595949606635,0.8970341392488337,20
122952993,-6.187293427452056e-05,0.00029425038996250746,0.8205846347330534,20
74231770,-6.201279331103371e-05,0.00018309008769988483,0.9268483334725907,20
228086973,-6.20226307196603e-05,0.00019188170474709914,0.9177009486304428,20
25034151,-6.21356452856936e-05,0.0014717685333610628,0.573876586032136,20
114902628,-6.239345049789402e-05,0.00030421729647253523,0.8147361486916165,20
134753876,-6.24585156437929e-05,0.0004408135550074331,0.733069231017724,20
157789987,-6.254874576789859e-05,0.0002336237472636408,0.877049854010097,20
38044662,-6.255323348700048e-05,0.0005161390944284064,0.7029401222617151,20
55612002,-6.266314865275291e-05,0.0004615998078545868,0.7245148986735814,20
662414,-6.276616055215789e-05,0.0003849007441320519,0.7626360576630451,20
50089761,-6.28601511831417e-05,0.0003161588735032971,0.8074844437696685,20
243123360,-6.295743796612685e-05,0.0004390878599661736,0.735481947185068,20
51918228,-6.315818044442811e-05,0.00045430656223737555,0.7292428986572863,20
69877783,-6.318582944792595e-05,0.0004054370291608342,0.7528677492545678,20
11888919,-6.331838531504209e-05,0.0002572770589377194,0.8575978121145743,20
61326783,-6.335181085330155e-05,0.0002844524892360937,0.8341194401541074,20
86838338,-6.336946618801798e-05,0.00040961638386366293,0.7513029552663579,20
41661835,-6.362691271882825e-05,0.00019373665903050342,0.9208666860674134,20
40648140,-6.366274052587162e-05,0.0005789008340420875,0.6857557787497306,20
100,-6.372571309177233e-05,0.001563100800040082,0.571369962229448,20
156983493,-6.372863431202136e-05,0.0007916269554620477,0.6385991933066628,20
32236408,-6.376514388530818e-05,0.0010262666019967787,0.6079424964138399,20
113249958,-6.376697346566763e-05,0.0002347534493555582,0.8803347408921496,20
9622267,-6.417337369076237e-05,0.0002449873084267786,0.8720515728340904,20
48590472,-6.417875394535422e-05,0.0005027178510121368,0.71263036256847,20
39083307,-6.436061238389579e-05,0.0005077693361486023,0.7112742197844669,20
100234338,-6.456124785658157e-05,0.00035020255691467907,0.7900446735659736,20
47866802,-6.470970124313191e-05,0.0002726374095271294,0.8491036297047542,20
54877201,-6.48124301147468e-05,0.00015050878601931573,0.96538645169068,20
35043204,-6.508239847567432e-05,0.0003032438823975563,0.8253972595179486,20
71178842,-6.509012053865226e-05,0.0002757386972161698,0.8478231009616062,20
1866427,-6.516848864946967e-05,0.000258788989242348,0.8629428090641521,20
58324690,-6.525301549204499e-05,0.0002488244379515091,0.8723139369097122,20
50397681,-6.544712920679707e-05,0.0003663397013602477,0.7829041518028748,20
3665303,-6.561789051334754e-05,0.0003824208592536624,0.7738489125424736,20
69429300,-6.564900579290046e-05,0.00037976201234652226,0.7755104176702025,20
86473196,-6.566675566028745e-05,0.0003259560060084184,0.8105536611769646,20
146578714,-6.566821679722668e-05,0.00010128200523830687,0.9954066093321646,20
88329878,-6.56927638943372e-05,0.00022642129122429523,0.8950077413881912,20
82568849,-6.572868650119301e-05,0.00012422730806143083,0.9856240256081356,20
6417732,-6.577660886969428e-05,0.00020144266236951113,0.9197235082703272,20
130672334,-6.584464751614449e-05,0.00028433347776463184,0.8433131572410164,20
224082330,-6.592213074339548e-05,0.00041241356967699577,0.7583024417779162,20
52456924,-6.593926273674167e-05,0.000445889980251622,0.7418357746139601,20
51207946,-6.61747832645665e-05,0.0001909348735138174,0.9311767656702891,20
127957893,-6.626104384281906e-05,0.0003725016275737842,0.7819281537553728,20
189821951,-6.633408640721594e-05,0.00023572998399070582,0.8882635539363298,20
96387033,-6.642873214467992e-05,0.00034942949822178317,0.7970944934808155,20
48489071,-6.646099551193551e-05,0.0002185603961260041,0.9051111042063711,20
50644691,-6.649615939573472e-05,0.0003635366757409261,0.7882564622403154,20
46307787,-6.655176777132787e-05,0.00048399721497805164,0.7270548111118231,20
32131897,-6.661522007994636e-05,0.000225345628693129,0.8990717955067073,20
11601119,-6.720508852847695e-05,0.0002525623742354211,0.8756488179326641,20
86651734,-6.724569870186214e-05,0.000182226188400124,0.9423445885410052,20
81768134,-6.730594805366419e-05,0.0004562136887612105,0.7413436454676403,20
16414229,-6.733840132985836e-05,0.0004492294393689401,0.7446532142247211,20
73071966,-6.734400088559967e-05,0.00024013511904564565,0.8875052819273455,20
97100821,-6.755878138084426e-05,0.0003755712744817022,0.7844585854075796,20
118572543,-6.763255044592854e-05,0.0002027250268178203,0.9239389157364668,20
47309757,-6.774638541627853e-05,0.0003295631706394208,0.8152712859538505,20
58562150,-6.775859553836416e-05,0.00020255277641754657,0.9244642699654779,20
61620766,-6.785378223336246e-05,0.00029635492778615615,0.8406390351478928,20
155796581,-6.788089129573515e-05,0.00041487016791836505,0.7633682953631911,20
52518786,-6.796052500592786e-05,0.00024198842221745309,0.8878228224560447,20
28033381,-6.80830846538305e-05,0.00027232045198451914,0.8612650904961217,20
73638788,-6.813884197315323e-05,0.0004174329495488784,0.7628524269539555,20
37116476,-6.825506184197084e-05,0.0014397056534706338,0.5828252264098188,20
7866557,-6.830617056577393e-05,0.00025567672451408526,0.8765603852094037,20
33025171,-6.841728798011593e-05,0.0003646482914062247,0.7940729428663358,20
38852782,-6.846918469799457e-05,0.0003098371217105163,0.8322807315115723,20
42283550,-6.863669953543483e-05,0.00030501969245308496,0.8365507933166163,20
48911866,-6.874418787088388e-05,0.0004170255857812576,0.7649978519177234,20
63771970,-6.877362740665416e-05,0.0002487189325969641,0.8843474087324866,20
59671432,-6.878660777709933e-05,0.0005108020995139513,0.7229313056454405,20
137462651,-6.878951061530248e-05,0.00046675868135909106,0.741126563202011,20
125143834,-6.879011107443488e-05,0.000334718706025185,0.8152165807756395,20
27041672,-6.888477395606274e-05,0.0003631738337512489,0.7965705651269608,20
166593682,-6.889363643633462e-05,0.0004111311426713957,0.7686027618030817,20
11421715,-6.893455474518139e-05,0.00026429336010263914,0.8710670238505704,20
71099936,-6.898482135179185e-05,0.0002479580566137871,0.8857216114314768,20
134028055,-6.902398130955722e-05,0.0002062008398153796,0.9245904367799953,20
104530243,-6.904172121436348e-05,0.0005490554437178012,0.7097753786082366,20
181214349,-6.916113114388e-05,0.0002951430396234504,0.846097041744629,20
113743556,-6.926493593726879e-05,0.00036470443458350366,0.7968695416512382,20
80446158,-6.937981036047036e-05,0.00020560068123855348,0.9261406830745614,20
66464330,-6.952754214437085e-05,0.0005505877077506312,0.7105696634034,20
21027741,-6.961010596588379e-05,0.0004374192470259934,0.757347260381475,20
24240228,-6.96668798197575e-05,0.00021643185009467532,0.9168630263404096,20
78289821,-6.97909382043449e-05,0.00012582918241877308,0.9886733297656466,20
3412528,-6.980819800406213e-05,0.0004642318603950046,0.745316148245309,20
68628693,-6.991319757119197e-05,0.00022753847835591527,0.9072980567083544,20
29493331,-7.010760999949795e-05,0.00020674210419529545,0.9270764430152544,20
11488872,-7.011738687568991e-05,0.0004394009582762075,0.7579379972554582,20
85372505,-7.01468175852038e-05,0.00036008444183685453,0.8027403606109623,20
31893166,-7.017845099792641e-05,0.0004500888017626766,0.7529705009911463,20
155297621,-7.0254357439814e-05,0.00027714826252851765,0.8644766811276877,20
49191203,-7.031370592364695e-05,0.0002763613107745393,0.8653317345257221,20
100126658,-7.035634598434037e-05,0.00020895317717112673,0.9257192870756255,20
39480697,-7.050396966321593e-05,0.00030127194441257265,0.8457857570977305,20
109159811,-7.057115037714667e-05,0.0005074581676267078,0.7293103484692789,20
120150516,-7.059017438119098e-05,0.00038659718032772516,0.7878564059330211,20
20514272,-7.077814242795188e-05,0.00034029094667049745,0.8180249813129226,20
39458973,-7.081050760385788e-05,0.0009547208290422191,0.6281240397448307,20
122781393,-7.082960180066489e-05,0.00023165364512392226,0.9062678434384664,20
80246051,-7.087625326659407e-05,0.00025661502113404555,0.8840917436780769,20
192626826,-7.10168452898452e-05,0.000318417975642662,0.8344529975574186,20
172402774,-7.110688305788648e-05,0.0005933994423388083,0.7008752332623727,20
157373851,-7.120898507390061e-05,0.0002626461032430479,0.8799071292316822,20
1260932,-7.122150874804833e-05,0.0006783310737248197,0.6779908029757664,20
100686801,-7.124587156286389e-05,0.00038749930039341134,0.7894328407478552,20
71030136,-7.129592646395455e-05,0.000166071298944044,0.9649958045595781,20
133989150,-7.138722365483407e-05,0.000514378391630641,0.7289007573083051,20
56660901,-7.139211214732266e-05,0.0003052292853301073,0.8456606997135712,20
42103827,-7.141846241334737e-05,0.00013781647038535843,0.9841056949645977,20
150981216,-7.146603811388763e-05,0.00019424951777340254,0.9418284352017477,20
38057538,-7.164240552034462e-05,0.00022389714094194648,0.9156620773091934,20
125184184,-7.17096855911703e-05,0.0003179767102038461,0.83706860579535,20
65824820,-7.175297038395368e-05,0.0001932565477905052,0.9433791681998722,20
28692738,-7.193998402401092e-05,0.00024095734130995968,0.9012050507939792,20
18644651,-7.214654066231007e-05,0.00021768168265881287,0.9226590711552117,20
209486770,-7.217640740841968e-05,0.00030397070619660497,0.8492007651564585,20
28210824,-7.220535431212705e-05,0.00015446862917087046,0.974873458135264,20
114119160,-7.226633650108671e-05,0.0003029203209711183,0.8503060736738204,20
95882224,-7.22778709284333e-05,0.0003108374346693697,0.8442778327029202,20
112207185,-7.233586430420158e-05,0.0004125607496017381,0.7786809570080455,20
183413886,-7.245253735879698e-05,0.0004010848670732904,0.7854129545258094,20
34728322,-7.251978887096167e-05,0.00048580645527286046,0.7437876255395093,20
22283236,-7.271559985451704e-05,0.00029727574852168675,0.8561660286622798,20
148251626,-7.275890415939235e-05,0.0006540245763912981,0.6877330316662296,20
62888311,-7.280602757750443e-05,0.00039686003747729125,0.7889291676809267,20
92480009,-7.284217909983015e-05,0.0005783859932353099,0.7100650292043778,20
60072017,-7.297508957290199e-05,0.00040887908517459797,0.7826819991950493,20
46352562,-7.301781183688405e-05,0.0006410217542619325,0.691836212707087,20
155658806,-7.30676770023475e-05,0.00023733054785409865,0.9077166641208317,20
105039540,-7.309491258240541e-05,0.000131644718472841,0.9887365945380518,20
56655739,-7.315483682703295e-05,0.00022907697457496924,0.9152608042949288,20
58285787,-7.323371260001266e-05,0.00021817672855514044,0.9251206026535191,20
19755030,-7.323393905593334e-05,0.0006881873549016009,0.6802160107437314,20
87605926,-7.323704268891729e-05,0.00016259314818763468,0.9708270866215789,20
29070597,-7.325441580919301e-05,0.00034139058931344256,0.8253488962029862,20
57084935,-7.33386116622714e-05,0.00035689372626969456,0.8151883975307022,20
221678075,-7.340483193315483e-05,0.00037752071760102597,0.8023028280463091,20
9870704,-7.350575681687732e-05,0.00033902247793302705,0.8277943321712048,20
7866171,-7.36560740794534e-05,0.0003110221431200848,0.848580663489431,20
31296409,-7.3676814564555e-05,0.000615735796094805,0.7006127336852972,20
83569832,-7.381245184485685e-05,0.00028780282794140205,0.8671821902768098,20
221075630,-7.381299821793141e-05,0.00019035366941134253,0.9504562731198827,20
171677768,-7.391748135304188e-05,0.00023378286258155803,0.9132305501322877,20
71076543,-7.401406092905072e-05,0.0002555527110945683,0.8946217474537004,20
57323170,-7.416615931338244e-05,0.00027452656263496524,0.8791018299621589,20
51254196,-7.416710027045581e-05,0.00040605056007484417,0.7879327606261897,20
93812665,-7.419461670455929e-05,0.00026095298649597075,0.890556496935989,20
41746535,-7.420832776628417e-05,0.0003144282426392156,0.8477764123442644,20
150580964,-7.424188421649158e-05,0.0002781776507348133,0.8763283298587456,20
77418949,-7.438093139784385e-05,0.00017353303684860687,0.9647913059667445,20
120412220,-7.445502472683274e-05,0.00011838736248347778,0.994442559696597,20
121461074,-7.467638487227979e-05,0.0002364636435098743,0.9129874080317677,20
121911011,-7.47474357866873e-05,0.0002770598744467106,0.8787888896894166,20
41709978,-7.486890469504126e-05,0.00015860364480278332,0.9758782101393504,20
40738610,-7.491481766531139e-05,0.0007043588375169518,0.6801271373502744,20
47488132,-7.497151231486421e-05,0.00032793043993685446,0.8402878134687529,20
171404906,-7.505933569830203e-05,0.0003810976459801623,0.8052872370582446,20
196843269,-7.528108879634177e-05,0.00034128554254445867,0.8318499632610483,20
82084646,-7.529720914316029e-05,0.00046805545037150717,0.7596878688528143,20
50935057,-7.531043056290266e-05,0.00023297125702515458,0.9177176465128393,20
88006203,-7.531174169397303e-05,0.00025877516895910716,0.8956813913025063,20
75818057,-7.549694072428448e-05,0.00011299974733489685,0.9962192819991269,20
48190014,-7.566568876481439e-05,0.00018437599661169922,0.9589180583254407,20
41247430,-7.573242459848472e-05,0.0002861335833664566,0.8744276085460377,20
33536376,-7.574900002384477e-05,0.0004281555400674148,0.7807055346255103,20
81291355,-7.579942492128567e-05,0.0004731973941062416,0.7587625479839368,20
106331656,-7.579981534998059e-05,0.0002052543919435433,0.9424707074950961,20
26489691,-7.583573635458474e-05,0.0003071461207189062,0.8583505599099767,20
118210835,-7.586534120280209e-05,0.00013837599070461545,0.9879728440461,20
23464810,-7.608570099051915e-05,0.0002657280772231147,0.8921098416827798,20
119522856,-7.625348255828057e-05,0.0005042899729195955,0.7464781689145943,20
76366876,-7.632028485948238e-05,0.0005219063013860907,0.7395178953586068,20
127477803,-7.633123246719164e-05,0.0005643091446705883,0.7238065168511381,20
233114608,-7.634483492768295e-05,0.00022049614480566083,0.9309935438723265,20
70899149,-7.639825506766673e-05,0.00011920760099082427,0.9950564843914781,20
164391644,-7.641456895453591e-05,0.0002625666624233376,0.8956796298948168,20
31435076,-7.641799409109362e-05,0.000586700385910394,0.7164597004772357,20
50,-7.643891073332299e-05,0.00045543309116016534,0.76895379957795,20
140761280,-7.697749810764432e-05,0.00016381469657142625,0.975415136078982,20
10821300,-7.699169559021723e-05,0.0002516426434085487,0.9064055171477148,20
37633338,-7.726684947377271e-05,0.00043741541482960185,0.7803548773389347,20
99640600,-7.7301112193906e-05,0.00037286213124152997,0.817262714854236,20
27235757,-7.730952350741282e-05,0.00022744252401108594,0.9275253984809095,20
54079964,-7.751797597597698e-05,0.0005240258055923122,0.7418994716844634,20
114050658,-7.77268823454802e-05,0.00039603249747059244,0.8044698060609821,20
104355936,-7.778334949308796e-05,0.00012226070460311325,0.9948249533478017,20
74893902,-7.787386724579237e-05,0.00021333115684214898,0.9404810920960396,20
102090399,-7.787707833623037e-05,0.00036949887977093406,0.8211325970405339,20
22122943,-7.790826003691298e-05,0.0005790135331341539,0.7227702704997014,20
46478867,-7.810807506752337e-05,0.00041294063464156677,0.7959342651747677,20
33336213,-7.81800201113736e-05,0.0002952752758595961,0.8745096091863491,20
120375512,-7.845678649822108e-05,0.0002104375162167884,0.9440765422713198,20
152942680,-7.853067839811989e-05,0.0004888890518645848,0.7593626816776097,20
34676921,-7.85490637089159e-05,0.0004537580563935327,0.775819039598973,20
92094538,-7.861795518750437e-05,0.0004980608203298466,0.7555974683463508,20
42064477,-7.862354937919758e-05,0.001455106675895769,0.5941769067725563,20
43457522,-7.868195404926448e-05,0.0004887396510000672,0.7598454230864607,20
47862656,-7.87327010049188e-05,0.00021365676067706157,0.9421032129255023,20
29694584,-7.873959362415528e-05,0.0005024830123609144,0.7540354649891401,20
159701456,-7.893541444604635e-05,0.00029305324418062715,0.8784242096278704,20
119322805,-7.898618382878308e-05,0.00035785894043123594,0.8319971817399479,20
34857022,-7.901697980059464e-05,0.0005096651600719475,0.751759388067198,20
92879142,-7.919300765885096e-05,0.00026598465228080807,0.9006120663632173,20
184416453,-7.931851403706891e-05,0.00040186763551438204,0.8057813519521768,20
23425419,-7.940349880747877e-05,0.00026217539003274543,0.9042586667485498,20
135371835,-7.944937772710325e-05,0.00038286367896999844,0.8174835169275065,20
64089732,-7.949873686612375e-05,0.0004587692253519712,0.7760502362062613,20
179409742,-7.950049643682955e-05,0.0003155474093315062,0.8630569624504115,20
31241101,-7.960352478372234e-05,0.0001440489966405527,0.9884547229979151,20
82421616,-7.979357636319628e-05,0.00034333087955688683,0.8441602312122786,20
27842733,-7.97943419651781e-05,0.00032117992786678416,0.8597979766933276,20
8269766,-7.981670468137358e-05,0.0005166045366422282,0.751025668086841,20
111740881,-7.991489737150249e-05,0.0004246200806068891,0.7947793360168756,20
120136417,-8.015507524631316e-05,0.0004474098519904385,0.7835388923797353,20
73238165,-8.022856888750262e-05,0.0002016289402555289,0.9544178692438261,20
181825225,-8.023599382567248e-05,0.0002833612358957678,0.8896480208744816,20
37644630,-8.026186254168621e-05,0.00011360455902910754,0.9974195704315476,20
46246025,-8.037183550923532e-05,0.0004299201270477096,0.7932403978073417,20
10274289,-8.040650589423715e-05,0.0011788502316534815,0.6181715339528521,20
25088312,-8.064169902839424e-05,0.0007849002781041214,0.6744459460471011,20
35228903,-8.066950438340715e-05,0.00018717861042285148,0.9654910576585628,20
72871885,-8.07492673396415e-05,0.0005836450080370692,0.7282807930080892,20
67227159,-8.082542363266887e-05,0.00039087886750324013,0.8166517228690432,20
116466495,-8.090221132251441e-05,0.000465600534728674,0.776658387642122,20
184014592,-8.090795759915225e-05,0.00024107755090050801,0.9250903582398919,20
25521414,-8.114575322277773e-05,0.00023236619081780838,0.9325737812576859,20
154584708,-8.115588434678411e-05,0.0003267202273245406,0.8597551917929263,20
28092421,-8.126596242030159e-05,0.0005136757803602099,0.7560819744573708,20
103755301,-8.128277596583522e-05,0.00013881674880110654,0.9915501522667531,20
27441883,-8.134362197106392e-05,0.0004129306970589974,0.8053289199287192,20
114339306,-8.136727473895822e-05,0.0011075424781505049,0.6269561558492277,20
32018030,-8.152344262090106e-05,0.00020295099410048634,0.9558265233234258,20
42228458,-8.17784317993786e-05,0.00033009099431688876,0.8591436931932384,20
37079390,-8.20728152891137e-05,0.0005782210339963097,0.7334276921369145,20
30697009,-8.23955044447322e-05,9.450589727894105e-05,0.9995175573585198,20
46431023,-8.251886364132877e-05,0.000417534271641436,0.8060863467842554,20
62456562,-8.256733339208066e-05,0.00021476907965752362,0.9490951728141829,20
62466537,-8.263458294531234e-05,0.0003480730188311003,0.8491617942827987,20
23005786,-8.284837353159658e-05,0.0003799876115038841,0.8291078872223434,20
46256269,-8.284857138505796e-05,0.0004546898859986543,0.7873763579005844,20
116209286,-8.287785466497e-05,0.00023391229427699418,0.9352117536887317,20
62859361,-8.32484735365957e-05,0.00032024552833392526,0.8702947587277302,20
125063042,-8.327060298603528e-05,0.00028045806119830546,0.9000146700524403,20
93212161,-8.33667993995868e-05,0.0003857092101919961,0.8270569699330788,20
25484676,-8.339142043058412e-05,0.00012042506823035333,0.9970316405802521,20
49636822,-8.358580852181885e-05,0.00023263665162980221,0.9377081340329765,20
50049559,-8.36112264241906e-05,0.0002580049737572696,0.9182172774195583,20
135955800,-8.365640662362784e-05,0.0004718891397076938,0.7811641799633211,20
137357725,-8.373261710059587e-05,0.0005365459079539424,0.7531582113074298,20
47052067,-8.376252850726962e-05,0.00024201360803358977,0.9309213804787232,20
210264335,-8.395142520386533e-05,0.0004723568229350146,0.7817347359949658,20
118152661,-8.401391045650408e-05,0.00019854053393748156,0.9631132123142434,20
57447716,-8.415793119709303e-05,0.00040019560247146193,0.820605771049101,20
126982373,-8.431795166338185e-05,0.0003044995109516146,0.8846680037304081,20
87089247,-8.454327748108059e-05,0.00036163294102169456,0.8455453419072204,20
55954560,-8.469073789686421e-05,0.00034979081386337594,0.8537728494295918,20
143331938,-8.486610616482149e-05,0.00037001267627577417,0.8410490364082577,20
169309503,-8.490280514093506e-05,0.0006633432700495484,0.7131183878270091,20
81467864,-8.506792455701407e-05,0.00039868833417142313,0.8240214174443081,20
46892808,-8.513551450580193e-05,0.0003269848380385711,0.8706604331223664,20
44429844,-8.514098455176256e-05,0.00021497519204383394,0.953715203197368,20
80290830,-8.52259271032163e-05,0.0003738662839355094,0.8396046369651669,20
48154897,-8.525739036183144e-05,0.0006201836059352302,0.7270067567833312,20
97283543,-8.52729836467614e-05,0.00029453224248412096,0.8945435806813168,20
98903394,-8.537052588495908e-05,0.00015990129535090243,0.9862491012785859,20
25485339,-8.53972174820472e-05,0.0014521411733506358,0.6023079485673244,20
27286238,-8.551660827597063e-05,0.00037218762283410727,0.8414671940956195,20
140480881,-8.555689059403516e-05,0.00032096160188197376,0.876052659360496,20
39942532,-8.580608719105376e-05,0.00019876505524228197,0.965703029681027,20
38879940,-8.581746096158471e-05,0.0005144781165675163,0.7675934087541878,20
173206902,-8.582510039934488e-05,0.00025585453301595366,0.9249956913682458,20
77498253,-8.592690829063998e-05,0.0003062159212170819,0.8876377774246647,20
162390353,-8.597940389244996e-05,0.0005199445066120918,0.7656860060022423,20
109699547,-8.604632720988215e-05,0.00029524812483223896,0.8959851974652093,20
148051353,-8.611555861252063e-05,0.00027206981817654594,0.9134504482168184,20
25888830,-8.623276420467451e-05,0.00012336373255485698,0.9972190124640293,20
42665294,-8.631144982952365e-05,0.0005421163850176013,0.7574471933856632,20
73683717,-8.649279464695292e-05,0.00016707574824474184,0.9840283781932996,20
16036722,-8.661402054774837e-05,0.00024064580882992702,0.9380155479250774,20
19513337,-8.670872262875329e-05,0.0002552742407352327,0.9273917146748984,20
19881127,-8.693224246247855e-05,0.0003714895415568607,0.8457746037403592,20
90493534,-8.71629339133151e-05,0.0004231276584799635,0.8157637740919054,20
68711168,-8.718503246001874e-05,0.0005235307519178084,0.7672342622374833,20
125544307,-8.726119907317975e-05,0.00038592219521294685,0.8376867651199554,20
16843277,-8.733714901836276e-05,0.00029134175681832765,0.9020757042503236,20
80305179,-8.745719439722244e-05,0.0006990785523288176,0.708814918727988,20
4863965,-8.7700692870879e-05,0.0004545959175038558,0.8004868317934168,20
152656825,-8.798637944929522e-05,0.00025129067214311763,0.9330580029118299,20
114208157,-8.802718152948752e-05,0.00019244658027037944,0.9725532633410726,20
138231955,-8.810253374540999e-05,0.0002698857068297809,0.919672542472608,20
85023055,-8.82678951489635e-05,0.00022830806481301694,0.9499884255921214,20
102128007,-8.842313102746524e-05,0.00013914712151143468,0.9947871670193186,20
125314805,-8.849274674064822e-05,0.0003297164533233998,0.8776083569398844,20
20040619,-8.852895866993116e-05,0.00042416663587406046,0.818835551908873,20
35705483,-8.858401329703836e-05,0.00025222443936619285,0.9336174297154177,20
185228531,-8.874021385136266e-05,0.0016278362992201115,0.5949986712453436,20
168272870,-8.878359450625317e-05,0.00021836950480095998,0.9575868713631853,20
97484462,-8.895555104857512e-05,0.0004748077273695204,0.7937365594119311,20
50449688,-8.901029962894991e-05,0.00025437416690253257,0.9329433203884053,20
28287364,-8.901295877878912e-05,0.00035441214611506365,0.862328797345636,20
72390640,-8.911878591744694e-05,0.0003075036089938174,0.894765464508271,20
42456634,-8.916347701078409e-05,0.0002518916403480359,0.9350404794747147,20
59263700,-8.93308286848471e-05,0.0002349448514838079,0.9473163290529846,20
31495976,-8.940497854232344e-05,0.00048093556748448273,0.7919521224181458,20
24437686,-8.949618403942816e-05,0.0005585898229228306,0.7588062979708452,20
61060726,-8.953167828383846e-05,0.00043211255643417035,0.8171236025004311,20
15885492,-8.962603651764267e-05,0.00022754525656150173,0.952880612295143,20
73031538,-8.965246293674567e-05,0.00038899646874639377,0.8421874883883336,20
46852033,-8.983985299600428e-05,0.0004374117560504559,0.8150723452258457,20
99545181,-8.994341145652784e-05,0.00017349181047434482,0.9841372184564383,20
119411891,-9.029739001902293e-05,0.0003404621812849738,0.8748980194921372,20
69934529,-9.034481729138787e-05,0.00036629766828547033,0.858103417515728,20
65272362,-9.049455568324594e-05,0.0005614640144801432,0.7600963138894312,20
10085418,-9.057396722332856e-05,0.0002144588725470359,0.9628555534059627,20
156387831,-9.065336582356198e-05,0.0004451851331371236,0.813059293908674,20
74215847,-9.067539925265433e-05,0.00018204428669634762,0.9809028232011442,20
127758014,-9.071719233508802e-05,0.00034393655994072967,0.8736359591742717,20
45752314,-9.076514607916363e-05,0.00044202480877676665,0.8150151199034306,20
12021001,-9.087510406377008e-05,0.0003624133695314175,0.8619518430647737,20
198833404,-9.098021269723922e-05,0.00023792334056016564,0.9482372375869149,20
71268455,-9.126219750512642e-05,0.0002439914793271449,0.944618769211186,20
185618884,-9.127777103020152e-05,0.00039152285511727814,0.8448934183399692,20
93012133,-9.128499118070121e-05,0.00012608919538241838,0.9978341010991215,20
47181852,-9.1317095177057e-05,0.0004238268022376252,0.82631448924651,20
25834070,-9.132441994253449e-05,0.00032217083164190116,0.8898888967018163,20
190825536,-9.138877744304663e-05,0.000338368536588979,0.8790398979833414,20
3268053,-9.150017740692795e-05,0.0004133543773549279,0.8326811126047831,20
48642428,-9.161643697125355e-05,0.000341191893322336,0.8777171360409507,20
74503575,-9.170227772973272e-05,0.0002768965111698089,0.9225100951645727,20
179811725,-9.173384285630082e-05,0.00013871006006768567,0.9959572538739035,20
13874204,-9.183396955761425e-05,0.0002891019921814986,0.9141795993684033,20
31492766,-9.184285227182842e-05,0.00032024937886195666,0.8924604851153712,20
33313449,-9.207394528930046e-05,0.000291689840511866,0.9128913875191195,20
8635612,-9.217001667542468e-05,0.00029585689427359094,0.9101815233295273,20
16252197,-9.218571226355388e-05,0.0003708737523412236,0.8599127361900213,20
88498855,-9.237523756207011e-05,0.00040466427089274736,0.8399330616660617,20
39301123,-9.239268313979143e-05,0.0006043838248621368,0.7487782550010641,20
26641323,-9.281712526953422e-05,0.00027463112632427353,0.9264358309509171,20
111006570,-9.282527736761414e-05,0.0002494090051832958,0.9437855366390321,20
29735902,-9.3096677318244e-05,0.00034620452146073583,0.878045353881002,20
158585531,-9.344015132075057e-05,0.000560118146265269,0.767616280452613,20
85037341,-9.346516373785474e-05,0.000718304630997977,0.7162659148940198,20
45850809,-9.352866539549253e-05,0.00014041322662676422,0.996142984713318,20
39842007,-9.359665505530579e-05,0.00034205092555281353,0.8819926393998856,20
72437830,-9.369429361833493e-05,0.00044747972465611596,0.8195874476930134,20
78711426,-9.391246486825655e-05,0.00041574521119335395,0.8374558580853178,20
94445699,-9.39747833922644e-05,0.0003289812924871149,0.8915892188509046,20
24497115,-9.415816904507213e-05,0.00025705600444005165,0.9410741730208239,20
161302267,-9.417288277226432e-05,0.00040450020140158277,0.8445678393620131,20
87930831,-9.418864598287891e-05,0.00029488006672373274,0.9153035473946056,20
87109589,-9.421173342342714e-05,0.0003946017568545485,0.8504889655029044,20
132951870,-9.436226234767476e-05,0.001805923756902533,0.5911320753041512,20
6617744,-9.440625132376424e-05,0.0002896378888925828,0.9193691905027809,20
61050397,-9.449674617842407e-05,0.0003199834020131005,0.898855501856967,20
70267861,-9.45503390162028e-05,0.0003244257245891659,0.8959865110231907,20
26485461,-9.457855407876136e-05,0.00023222681371093574,0.9578315687074154,20
2213753,-9.465750708963494e-05,0.0003370414040721368,0.8878277819638651,20
104644823,-9.472281216270084e-05,0.00017628444246272745,0.9866811343686458,20
9667917,-9.476305010074903e-05,0.0002351388370700059,0.9563078917440717,20
86624652,-9.488880167825564e-05,0.0003125947122119111,0.9047397359676153,20
85907479,-9.490614865346747e-05,0.0004849030942877363,0.8038277495043493,20
79966398,-9.493553653850961e-05,0.0004903560634554722,0.80130728526531,20
134683861,-9.501725147774142e-05,0.0002205177304307353,0.9654634468450188,20
78464709,-9.516447273904549e-05,0.00032100406154339186,0.8996876405133651,20
25698343,-9.517734430539715e-05,0.00020889597613534664,0.9721195026188519,20
117668060,-9.556091845576153e-05,0.0004431274803473131,0.826524816432413,20
67865972,-9.565248250049119e-05,0.0003097707303693754,0.9083352134557052,20
65076333,-9.565597425101324e-05,0.0008140980820676261,0.6973333080767541,20
34475099,-9.591664098732022e-05,0.00012188233845883939,0.9988539148461214,20
63288667,-9.593689667614091e-05,0.00021775141023821126,0.9682250341101096,20
126618229,-9.599691425837831e-05,0.00023755615354204864,0.9567034423831069,20
120109509,-9.606307964136751e-05,0.00016387473146353465,0.9916031742011827,20
108298183,-9.617876148201309e-05,0.00021482944225091272,0.9701250392946155,20
16073452,-9.630137084296609e-05,0.00018635048061185902,0.9838942639778661,20
60086206,-9.633679536267814e-05,0.0003740003921123504,0.8681853698054605,20
29445193,-9.635808780463772e-05,0.00012354527265017788,0.9987692822327182,20
63605833,-9.650085062363755e-05,0.0003198842053278737,0.9034223733158658,20
45064206,-9.658323345426156e-05,0.000712505995357015,0.724227356993799,20
212694370,-9.661909939142066e-05,0.00042657048240326873,0.8380942336858305,20
34242891,-9.668158388460579e-05,0.0002909567129700053,0.9231630590001423,20
66895043,-9.671010530888924e-05,0.0005460362798804052,0.7809519790411609,20
2001299,-9.678381465066943e-05,0.00017692255266385713,0.9878352692702143,20
93505823,-9.686100863383062e-05,0.0006808794042915713,0.7338820999774442,20
216871444,-9.694755808281052e-05,0.00034701208633493026,0.8866570544400746,20
82692515,-9.698419228776345e-05,0.00021436002219913424,0.9713325942459505,20
177206440,-9.719344927328622e-05,0.00025166829318156234,0.9498162815414188,20
118869447,-9.722704752078148e-05,0.00015284724258569956,0.9948197414106259,20
27690605,-9.731153954103399e-05,0.00043276334343439677,0.8363800101599578,20
129759093,-9.742254259768047e-05,0.000278618280524118,0.9328092882682769,20
128420255,-9.755727766823097e-05,0.00030381276540965074,0.9163750567684829,20
79998981,-9.761344158421004e-05,0.0001886376527476312,0.9839959523605983,20
45552788,-9.797046236411643e-05,0.00031392896948776393,0.9105421504060218,20
25831174,-9.803641829143062e-05,0.00045300442368997293,0.8273562243487803,20
6015236,-9.823607067219742e-05,0.000485559384210358,0.8115442620983638,20
105894952,-9.829554087712467e-05,0.00028447205694557203,0.9306147480504302,20
108940958,-9.8415950364239e-05,0.000420598463275458,0.8457548407853173,20
61820294,-9.8478692032683e-05,0.0002942551327684133,0.9245497753045068,20
46374789,-9.852715024982194e-05,0.0005354336528561947,0.7896228180907563,20
24045820,-9.85300284881918e-05,0.00026006172374877116,0.9467375982835545,20
107133382,-9.864132001212722e-05,0.0004439389258287516,0.8335692341915448,20
184828307,-9.864545631885213e-05,0.00032964985081325796,0.901695401717197,20
72901752,-9.875625112302223e-05,0.00021975321020060328,0.9705629509169601,20
162789957,-9.881177284781772e-05,0.000192948682922218,0.9831912649919161,20
25407974,-9.887307285312285e-05,0.0004588425326405567,0.826341970898905,20
100452646,-9.897657906151048e-05,0.00023305360833317801,0.9635917794013266,20
174004124,-9.899223058687512e-05,0.00019538189184878022,0.9823327822067194,20
100516003,-9.902961165791924e-05,0.0002417772023822691,0.9586426599979281,20
158985818,-9.918575265461804e-05,0.00015617178378692927,0.9947688721814846,20
18682945,-9.919845721240161e-05,0.00024499054024071544,0.956992860177748,20
82447233,-9.932283934656616e-05,0.00032175657368958756,0.9082706602735998,20
82489969,-9.95604486449142e-05,0.00046093050149475227,0.8269042148517558,20
136763676,-9.976254494779568e-05,0.00030348419086471094,0.9210493972565319,20
176605043,-9.977481831014435e-05,0.00031118451560388754,0.9160725333932298,20
37242504,-9.978864855677006e-05,0.0003351900730720087,0.9005921469174475,20
123953953,-9.979423725833825e-05,0.00020120499606459684,0.9805341764273149,20
123726133,-9.98624139675941e-05,0.0005059934969377637,0.8057629270935489,20
31096209,-9.992934202747717e-05,0.0003328613395465872,0.9023873301160052,20
58669378,-0.00010025405191941838,0.00034976606404063466,0.8923424675557288,20
144966325,-0.00010026546937038084,0.0003264031670283707,0.9072462285437154,20
49489469,-0.0001004210678403894,0.0024683144127225745,0.5712233766525574,20
164797031,-0.00010059951090127806,0.0003486318860166059,0.8938121751295758,20
93341384,-0.0001006139616648194,0.00020058440013379512,0.9815010394844154,20
162990110,-0.0001006761014497648,0.0001813841187434526,0.9887153686973646,20
50489945,-0.00010071928261761176,0.00036307131633047215,0.8850745113579694,20
35370488,-0.00010072345957383711,0.0005164468744821071,0.8030080510569894,20
10468280,-0.0001009305556136597,0.00037014550269231323,0.881202623462216,20
113338149,-0.00010112676137923881,0.00025906597783445756,0.9514935051461807,20
35021037,-0.00010122275655241597,0.00040506401937704956,0.8611554907423371,20
85837960,-0.00010125567781666401,0.00023222744662331903,0.9669517898814834,20
49035597,-0.0001013169205659914,0.00030924943918451037,0.920386378737427,20
102307542,-0.00010144325226276174,0.00035006353547500864,0.8947439313098758,20
47462236,-0.00010154131548259504,0.0005741860039418429,0.780609502365017,20
108934045,-0.00010177767313654384,0.00020528725428667366,0.9804987332686723,20
37,-0.00010181349568374464,0.0003107021614767949,0.9204264572914149,20
25888180,-0.00010185699197787224,0.000667022535741916,0.7485477181657889,20
71282217,-0.00010188829869616777,0.00019604035039425075,0.9843258411747227,20
117121715,-0.00010190716627767605,0.0002345489360586908,0.9665122791420999,20
120724030,-0.00010197304471150637,0.0003733701508008869,0.8815644681490258,20
112142050,-0.00010214622817606988,0.0001542757958733823,0.9959877215606816,20
86117485,-0.00010223718000409442,0.0003871401065721749,0.8739151651932104,20
39501950,-0.00010242594879555366,0.0002513179926200322,0.9579326081078172,20
165268406,-0.00010244411410906262,0.0012412670884010526,0.6419305321363742,20
83848710,-0.0001024736558584649,0.0003277896596179112,0.9109010132238837,20
38840867,-0.00010252847543376075,0.0004296529730257494,0.8503704259870788,20
70067679,-0.00010265985621590312,0.00039737089188594837,0.8688679855906379,20
9070744,-0.00010275178892518166,0.00015358842557954558,0.9962524804109091,20
5064811,-0.00010276593753386632,0.0006990089301466689,0.7406200791604403,20
51073523,-0.0001028011650018923,0.00036747177615533013,0.8869561498759891,20
141970192,-0.00010282839779021113,0.0004178602998313218,0.8575726360887814,20
47309111,-0.00010288343629360485,0.0007494585671787946,0.7267258775509094,20
148782358,-0.00010296709859972664,0.0002193149701141661,0.9753252997089428,20
70989940,-0.00010304002137755397,0.00025245951477984924,0.9581393861855738,20
31447488,-0.0001031484421818829,0.00020721535444828134,0.9808488672534151,20
73540288,-0.0001034716205288333,0.00018017508354696847,0.9905927329896862,20
45668615,-0.00010354154123950465,0.00026567914790421324,0.9512433840964846,20
84295995,-0.00010357851520188532,0.0005424066565766637,0.7981288768375263,20
18444280,-0.00010359391607558943,0.0001936528391749986,0.9863827348985599,20
27362356,-0.00010361424619807491,0.0004192928739872957,0.8585510775980241,20
57925856,-0.00010369735265246538,0.00037374238959239506,0.8851130278142351,20
119908308,-0.00010384703944024131,0.00020113451463522138,0.9838247614657504,20
29245073,-0.00010408982909089759,0.00020871627501666202,0.9810096647751767,20
188019647,-0.00010417306729594844,0.0003511069328470544,0.8998621064675139,20
189021465,-0.00010434919700952339,0.0005329723094687771,0.803905281842979,20
69,-0.00010445012876062477,0.0006352018152424277,0.7644557155307663,20
96140020,-0.00010471477238134241,0.0004716109444561918,0.8334001169579228,20
68857256,-0.00010472683699578323,0.0002392262942611651,0.9674466793373517,20
26329128,-0.00010473234460370295,0.00024164025138805374,0.9662066655011509,20
83222149,-0.00010478783044223227,0.0003252140678011356,0.9170651762178221,20
16027189,-0.00010503012965811797,0.0002218458249494366,0.976173528765639,20
48331034,-0.00010504043964793542,0.00026173651514620097,0.9556910032830161,20
107202929,-0.00010509744088532113,0.000594906829753479,0.7803777219420662,20
130454721,-0.00010510101943359552,0.00023486659090987176,0.9700715644724911,20
3263669,-0.00010514558112257322,0.00035211875526129025,0.9012404438139637,20
216097094,-0.00010520643229506854,0.00024512033029765754,0.9649641203874314,20
464093,-0.00010524029941949009,0.0005514333954857451,0.7979930716327297,20
121137630,-0.0001055630666622509,0.00047310680870343256,0.8345555890500962,20
12621004,-0.00010557914580706651,0.0004999048824819608,0.8216165003389543,20
186421024,-0.00010571215174074445,0.00022657897332924078,0.9746759681894911,20
38501229,-0.0001060047911920492,0.00036523965856009947,0.895081864399081,20
63868563,-0.00010613558685838575,0.0003506367618414397,0.9041393769540459,20
63422345,-0.00010615729012295461,0.00024723569742387424,0.9650160498243257,20
26067566,-0.00010620301041634472,0.00014330561849915734,0.9981769233159198,20
127418850,-0.00010626292745213872,0.00026458814188960587,0.955799402381378,20
82695068,-0.00010628632622339262,0.0005023612787412152,0.8220335109957861,20
45230520,-0.00010638793460336915,0.00017958024490580474,0.9920895145387113,20
88556834,-0.00010661322012895935,0.00023810107009604377,0.9701422539044253,20
91610136,-0.00010662591761137485,0.00039712788713412007,0.8776949786638363,20
37478775,-0.00010666110387631544,0.0005192606491279652,0.8150950387977636,20
49155012,-0.00010666403692541904,0.00022007815677616395,0.978445447779549,20
91181540,-0.00010666705305941714,0.00015834026263708374,0.9964211381536793,20
40860553,-0.00010675966296517791,0.000342113067361898,0.9105296427689759,20
79397567,-0.0001070473982081488,0.00022725095267066942,0.9756639793018331,20
98840082,-0.0001070837705532901,0.0007373446467949527,0.7380996247470162,20
107158281,-0.00010712560171695084,0.0005716777096521042,0.7937823994604198,20
34854171,-0.00010719501895579686,0.00044101411662490406,0.8546866216130371,20
114608596,-0.00010756889125373425,0.000574689565710516,0.7935242000425249,20
97912364,-0.00010762140339406478,0.0006816204964166014,0.7556550956874142,20
5465954,-0.0001079722835902408,0.0005712676888163695,0.7957564077696531,20
120150467,-0.00010815564717405191,0.0002971665904580213,0.9399668835128631,20
34042757,-0.00010819786441439993,0.0003593930947872988,0.902986272760309,20
79369313,-0.00010826569274798304,0.00033885364947670296,0.9153621652635145,20
25761030,-0.00010829831495547393,0.0006279821489392424,0.774974747338008,20
76689046,-0.00010834087623194933,0.0006785070032349116,0.7580737347285451,20
101489665,-0.00010840872275694191,0.000286919684614743,0.9462896983642856,20
10219479,-0.00010854878575998206,0.00027690228405734366,0.9521498886289003,20
75432704,-0.00010859392669742008,0.0003846085636486431,0.8890132621699904,20
5015269,-0.00010874651378014465,0.00020780510244044578,0.9848340642773298,20
52866639,-0.00010900972409763065,0.0001639676103905737,0.9960942177987275,20
155972672,-0.00010910243668789677,0.000479860793172452,0.8389880573174966,20
242122829,-0.00010910415075964242,0.0002311251108780864,0.9758795654827285,20
7416496,-0.00010913109342887695,0.0004407271449927183,0.8590220944171331,20
115051806,-0.00010918782136898342,0.0002514178783904217,0.9664566856140024,20
111406810,-0.00010919157020589099,0.0005177327608776402,0.8212878584515453,20
96186988,-0.00010922707184558012,0.0007014879590400883,0.7526782036655979,20
85637788,-0.00010933791391721792,0.0003953955636261716,0.8843608007178307,20
133027267,-0.00010954290961159852,0.00039489094637992485,0.885067497639677,20
55411917,-0.00010962969673298794,0.0005347604058398299,0.8146357953237789,20
117571728,-0.00010966345813442357,0.00025913542783131906,0.9631233207940078,20
172799343,-0.00010972675669022602,0.0003561200625245264,0.9078827149302306,20
1410929,-0.00011003058773242924,0.00019639608624864367,0.989255299216501,20
108137631,-0.00011010622725922125,0.0003166659503217382,0.9317750469046724,20
97742573,-0.00011034787782694955,0.00019088137961091988,0.9909279736833102,20
88699174,-0.00011036904730934438,0.00021100053788725777,0.9848011105545381,20
22280773,-0.00011040044991750264,0.00046565760471917216,0.8488440791186644,20
162194539,-0.00011046279342944998,0.00045574836739797816,0.8540227768443955,20
164792067,-0.00011057683120940798,0.0005151586502259035,0.8254252480390099,20
52316842,-0.0001107105787366669,0.0002019054169371601,0.9879811598044883,20
65729747,-0.00011074964997232484,0.0006415902207106826,0.7751855287042688,20
28643173,-0.00011083872458859667,0.00028087474054224886,0.9531659747632443,20
9418061,-0.00011090018545682478,0.0004453894643441282,0.8603177612580342,20
120612285,-0.00011094003955169907,0.0001527355755696852,0.9978853234662957,20
54057274,-0.00011098833528804253,0.00026349324861347796,0.9625016943231374,20
188223010,-0.00011108057169600393,0.00029123746479410806,0.9478218484847706,20
121661170,-0.0001111818932366393,0.00020448911668790725,0.987449899743529,20
133659764,-0.00011119640630579685,0.0008072781870730183,0.7273986952256866,20
93136589,-0.0001112398871900233,0.0009206931216100113,0.7023770500319271,20
131769739,-0.0001113508123361584,0.00035108154258392066,0.9138663824141031,20
162503148,-0.00011137995513287313,0.00025885361383680297,0.965285494336563,20
177685005,-0.00011140799724664308,0.0007572846290216897,0.7407585029464945,20
26689788,-0.00011151578953613739,0.00027322113299809337,0.9581419774852259,20
27229794,-0.00011181338847268685,0.0004920163814328962,0.8388768439781114,20
101952506,-0.00011185395680603505,0.0002940208788158008,0.9474051878061647,20
60299129,-0.00011190314535882151,0.0003345759042196048,0.9244292765965856,20
124417250,-0.00011196796695332467,0.0003437739848200564,0.9192205326268745,20
136228006,-0.00011211047508478123,0.0002870383325216067,0.9515830523522781,20
184414948,-0.00011221538574529566,0.00024011333484805827,0.9748512184262611,20
101,-0.00011235948089084457,0.0003811149593355856,0.8984893063132537,20
11019846,-0.0001125151185215112,0.000584435214548385,0.8000060132000657,20
22063337,-0.00011272013454011187,0.00042907983532857326,0.872713326306316,20
32641791,-0.00011286230848476797,0.00018033560511421858,0.9942740665092777,20
24638067,-0.00011288369097813832,0.00025860726017482477,0.9670898454803077,20
93079215,-0.00011294053677883831,0.00015867728358048199,0.9975519272635341,20
85237518,-0.00011330496278788571,0.0009611852400848358,0.6979139870853748,20
228711014,-0.00011336769532122037,0.00045768430220063504,0.8590997585670781,20
39249572,-0.00011345964406131448,0.00034432974863907975,0.921518721384699,20
28300649,-0.00011347562508476905,0.00018104009201444672,0.9943269505938093,20
137229577,-0.00011356860619248787,0.00024728139105618084,0.9729969438546007,20
116503846,-0.00011364687715868515,0.000254546132443979,0.9698042966007737,20
50850633,-0.00011370654299435179,0.00023894039942711423,0.9766852060896478,20
15475227,-0.00011385479548672861,0.0004330154155205786,0.8729164443854938,20
44066406,-0.00011397324495401873,0.00048781164573490245,0.8454042910275665,20
80514706,-0.00011410411801008879,0.000569262333573796,0.8093728005099767,20
137029458,-0.00011410901667598395,0.00032780338738204814,0.9319859447598524,20
85687687,-0.00011420830364138878,0.0008295307880700197,0.7273059728729403,20
205441059,-0.00011421970028833162,0.0004851096866318398,0.8472188273725814,20
49269583,-0.00011425842431649901,0.0002717882767904085,0.9622390930464297,20
40338292,-0.0001142991926208814,0.00019179281064938115,0.9923528922575608,20
77508438,-0.00011436528975715121,0.0005975593061099616,0.7986435550531603,20
92918347,-0.0001143785724448565,0.0003522866444946178,0.9185908150671336,20
112861779,-0.00011457635675632405,0.00022828136152954986,0.9815521129767597,20
119723015,-0.000114720126280482,0.00021905422902174077,0.9848894044657908,20
180224324,-0.00011481846282966335,0.000424053689429139,0.8796081339741854,20
74703758,-0.00011485648686423433,0.0003433082665542895,0.924484343113639,20
105199555,-0.00011495815751300654,0.00019932028404784764,0.9908109663065735,20
53539154,-0.00011506306202060945,0.0003229441907665177,0.9362141192490457,20
117147006,-0.00011509027094559476,0.00029555766531190887,0.9511139323723082,20
41060618,-0.00011529278770846529,0.00038992721230779123,0.8991186557058694,20
105694698,-0.00011531264411331344,0.00031891825596335805,0.9388207635469588,20
11420011,-0.00011535714251908468,0.00024615267561016506,0.9751381334486785,20
22663668,-0.00011551804855258752,0.0003398376174506288,0.9275328610497959,20
3812814,-0.00011553888436186544,0.0006095189842126594,0.7964285911881621,20
100115878,-0.00011558130302350977,0.00024311838134438322,0.976588158061736,20
69688165,-0.00011575839059335124,0.00022308411759377545,0.984205587247266,20
81067449,-0.00011581605026641517,0.0002613720725995308,0.9689118355789813,20
7005123,-0.00011581982806115332,0.00022253287301251788,0.9844308267008346,20
89893065,-0.0001159550417740518,0.00029482089321887435,0.9526568894176838,20
6796737,-0.00011609666850618816,0.0003322886849821791,0.9326631879091796,20
100593271,-0.00011609943540675239,0.0006886828333243229,0.7699306630237233,20
102934415,-0.00011614923305287018,0.00033729454402078824,0.9299756748435833,20
23463526,-0.00011619673091470828,0.0005232949389354861,0.8334127624224568,20
148378225,-0.00011642491523221054,0.0003370512692763995,0.9305528822565491,20
17274422,-0.00011643217549400786,0.00028941888805139983,0.9560483539831777,20
9219662,-0.00011653807865854016,0.00034727567839879176,0.925072170459637,20
108938840,-0.00011719008104569828,0.0005416501919052195,0.8272949264239176,20
184216307,-0.00011725930374271166,0.0003293875465642804,0.936062237501277,20
103527849,-0.00011728241783545701,0.00044011314779895716,0.8759825986086052,20
11669548,-0.00011734606116602375,0.00023992969781771813,0.9792845110926955,20
80906272,-0.00011735767790461704,0.00033541738076926775,0.9329258816134417,20
46065432,-0.0001175550128793279,0.0001503875889775917,0.9987908040747208,20
60926681,-0.00011780622522381546,0.00039047887803812304,0.9034382227178156,20
20432574,-0.00011786084429688538,0.0003716965424893182,0.9138173248216904,20
138366077,-0.0001179277703494408,0.00020529405539174064,0.9906061129773169,20
46200690,-0.00011802380639564514,0.00025561056508515746,0.9735754909912896,20
162203896,-0.00011803528350249338,0.00025855555520650614,0.9723376793045289,20
43685314,-0.00011812997380133972,0.00027369060594555246,0.9656803041204491,20
104155852,-0.00011822495922949039,0.00026494554147391653,0.9697400015840715,20
71482235,-0.00011825739629860444,0.0010829316554131353,0.6845590898551466,20
44229621,-0.00011845460458562163,0.0003401112754997633,0.9320812533103354,20
60660524,-0.0001186172357540538,0.00031822175642709266,0.9440420367168227,20
139079899,-0.00011865768771988084,0.00023948725817351092,0.9804429016240527,20
25285220,-0.00011869367573504874,0.00032041084508929843,0.9429959063633239,20
22235825,-0.00011872068349311204,0.00019886778615423013,0.9924283631300085,20
140442938,-0.00011877174202813978,0.00022185240053975637,0.9864354322411475,20
87825387,-0.00011877319098668181,0.0004554581416519506,0.8710242517310038,20
49355038,-0.00011886999441338974,0.00020328841119004098,0.9914849140281018,20
1661701,-0.00011902810141333763,0.00044677604339206747,0.875925354989491,20
121110521,-0.00011908206961573353,0.00021690311340477782,0.9880576686272947,20
82168182,-0.00011910017835283227,0.00022804378393431713,0.984687803041177,20
36858145,-0.00011922798835141135,0.0006639185220451701,0.7840799034716104,20
36655523,-0.00011928506644554582,0.00031559114504263263,0.9463491351228328,20
32096766,-0.00011948560768901829,0.00045982924446646365,0.8702024035891899,20
59663870,-0.00011987594977967419,0.00025460992213064456,0.9756139302896647,20
19858547,-0.00011992140869651613,0.00034943008758571545,0.9293410914530343,20
30293483,-0.00012008473872387459,0.00015366382904669318,0.9987883064672038,20
115340404,-0.00012010335895251134,0.0007532982500539603,0.7577510480890901,20
17474521,-0.00012023686519090914,0.00027097866189400234,0.9690743323539124,20
65283751,-0.00012029418313109774,0.00018600831776783677,0.9953312734309869,20
29843850,-0.00012034235272255778,0.00019115556584983865,0.9944772361221774,20
30490300,-0.00012047207929812287,0.0003378655920266854,0.9363516954106702,20
39041037,-0.00012048795264782419,0.00025611655612316913,0.975531618626996,20
121612891,-0.00012052653946295622,0.0004781337605194413,0.8631789589450389,20
153858169,-0.00012083233072047173,0.00026490088698305253,0.9722463444015577,20
51273692,-0.0001208392564729488,0.0004418949772170901,0.8818468439566717,20
131759767,-0.00012093229840232089,0.00023029989425022104,0.985083557780655,20
191024377,-0.00012095028562745802,0.00023184191801692267,0.984606331050368,20
113463401,-0.00012095871076532316,0.00029235811882536117,0.9600562146480592,20
151982802,-0.00012103275057727681,0.0001912972864154534,0.9946440910947713,20
27866875,-0.00012113551540388068,0.00035782821308200167,0.9267518853854766,20
31307753,-0.00012114833497700039,0.0002516900967763891,0.9777940531846071,20
41642011,-0.00012125471844761648,0.0002191854746940339,0.9885187273227634,20
171198083,-0.00012128032803196409,0.00015563772641953049,0.9987605882268897,20
29431338,-0.00012134057446715474,0.000664849555514131,0.7877500211480968,20
99550574,-0.00012157478278257416,0.00016916916205344777,0.997715433666449,20
34303395,-0.00012159258817929231,0.0003371117212609703,0.9383902523619523,20
182414925,-0.00012161409514722665,0.00044660656989494775,0.8808947880960649,20
113518440,-0.00012163358028470239,0.00019239630889200118,0.9946183310447013,20
112146275,-0.0001216853329920109,0.0011422011712037177,0.6804038519585967,20
114328765,-0.00012208548795812347,0.00029496290504363667,0.9601120795355019,20
83316149,-0.00012218360554149265,0.00014690300195925956,0.9992733503072522,20
29936654,-0.00012224620320862024,0.000380739974666141,0.9163533347650672,20
146136164,-0.0001223894044999452,0.0008665681588631287,0.7324193950054474,20
154570965,-0.00012268509795694272,0.0030254149796194564,0.5709939569447778,20
84754191,-0.00012275289609757213,0.0004473882585387656,0.882604075775036,20
97990461,-0.00012284610790523897,0.0003138813547303907,0.9519002206554996,20
129358986,-0.0001229559576759076,0.00024538136495069464,0.9814129720006075,20
169398513,-0.00012299406478537002,0.00021378491019859224,0.9906847068136357,20
104736394,-0.0001230084960029354,0.00043574901443806823,0.8889683120835019,20
65407609,-0.00012317557952985504,0.0003490162097209345,0.9345013221661407,20
76083685,-0.00012335694709448842,0.00040556331043202493,0.905164465147092,20
138158607,-0.00012343041054553306,0.0014838463931959403,0.6429969446890851,20
76062806,-0.00012360615929633557,0.00027978936045592256,0.9685535263006083,20
28092685,-0.00012364575006017508,0.00024283554219834297,0.9827334950303467,20
133459465,-0.00012367989434077797,0.0002997034307975047,0.9596986054502735,20
124817389,-0.00012398936661633386,0.00018944207121549426,0.995675308053986,20
124180481,-0.000123991211558927,0.0003968790326701089,0.9107656564710097,20
78244157,-0.00012399596984091765,0.0003549882333768048,0.9326164106284748,20
203656524,-0.00012410711265655738,0.00011669782056613828,0.9999312989200088,20
13421917,-0.00012453008225662976,0.0003321448105279186,0.9450136374763993,20
139566499,-0.00012500558892704626,0.0002446234219708429,0.9830209866067943,20
20085342,-0.00012502973053839516,0.0005312692476650239,0.8471092177598221,20
13423180,-0.00012514276274614434,0.0002780314321927499,0.9707435279029432,20
49268230,-0.00012518356884024806,0.0003591358040057822,0.9322330579263183,20
63822382,-0.00012528982395136888,0.00034760427932034116,0.9382675922070868,20
126877035,-0.00012540534440033113,0.0003345336565216858,0.944986642243482,20
97083600,-0.000125498362839338,0.00045205872083848935,0.8852409485544965,20
44305891,-0.0001255106474730372,0.00016117725804972333,0.9987538345427674,20
103892413,-0.00012557632302777068,0.0002503788798600517,0.9814911364077338,20
81906525,-0.00012580898120328476,0.0003542052261078019,0.9356558363464775,20
62452554,-0.00012591085283001347,0.00022640068971255579,0.9888313511903591,20
10026833,-0.00012591485436876936,0.00026994089527496314,0.9746526410686757,20
6020084,-0.0001260618103422817,0.00045930159779391903,0.88267589449074,20
88225513,-0.00012610591854356757,0.00018457459939188545,0.9967453529734546,20
56612836,-0.00012616507390813547,0.0008201010607741639,0.7501157330672317,20
222503969,-0.00012618696257665762,0.0003524636145414372,0.9370733693185006,20
99349616,-0.00012626634202083097,0.00018139311216658504,0.9971367781356572,20
86805541,-0.0001264028407169493,0.0002905049305213661,0.9666937437589592,20
124983825,-0.00012653279066652813,0.00036596787417761753,0.9307287366124453,20
90441008,-0.00012657045274453994,0.00039786319446727544,0.9144827257181081,20
21883988,-0.0001266226147443983,0.00043409258700329164,0.8961777129795314,20
96447881,-0.00012669781050087537,0.00025984812231273776,0.9790030130640137,20
14426472,-0.00012682240481120543,0.00042108158268655527,0.9030749688120618,20
76545468,-0.00012690219253083668,0.0003115301086661741,0.9578608916483105,20
231913653,-0.0001269359565880368,0.0002524201302873519,0.981713546982304,20
31247398,-0.00012697876265938546,0.0003652293528661046,0.931755857265484,20
29494141,-0.00012713504100313465,0.0004845233750052075,0.8724423552086682,20
66485375,-0.00012748743899776983,0.00025883183140234096,0.9799210076586214,20
55895026,-0.00012753128864605444,0.00021087810170006,0.9929751667901268,20
114519462,-0.0001275935335965872,0.0004655480739750981,0.8823533682012179,20
76677289,-0.00012762569972817883,0.00030322588760810145,0.9623980666354379,20
88714509,-0.00012768369958067737,0.000402809739510587,0.9137488987172403,20
71358495,-0.000127918292908763,0.000457031032801616,0.8870655602191428,20
182615103,-0.00012804995260712882,0.00024340027113534406,0.9852179560712307,20
153743259,-0.00012810587291252063,0.00038442071114968646,0.9237216183260832,20
125944682,-0.00012819582087200687,0.00047919145125533595,0.8768731802514733,20
12201845,-0.0001282678005983362,0.0003525069936728531,0.9399271517267137,20
105156412,-0.00012830406819569484,0.00023822793592646652,0.9868349178151042,20
34737425,-0.00012853158423619114,0.0007716224009684854,0.76728758335126,20
6816013,-0.00012853356860522135,0.0005452175689195234,0.8475142237409878,20
100288238,-0.00012854312086639784,0.0003069157666151254,0.9617333016598387,20
58802047,-0.00012862768813886037,0.0003506149424258978,0.9413408851851397,20
7071779,-0.00012864737605404187,0.00025280223019939334,0.982687809039846,20
117147205,-0.0001288311426095534,0.0004024102549735692,0.9157693633763835,20
14431387,-0.00012886654448438506,0.0001744139188511408,0.9981353012860444,20
58658051,-0.00012902660001413158,0.0002926054490590301,0.9683284974998654,20
25899163,-0.000129093760349569,0.0006571408685772793,0.8046871253172156,20
38679781,-0.00012916135465071977,0.00019974214396425592,0.9953279011880446,20
75784078,-0.00012916697951619315,0.00014680157696820388,0.99955550004312,20
16080657,-0.0001292544872060264,0.00021301190079258368,0.9931116382031064,20
416778,-0.00012931181934502933,0.0004644046386476105,0.8859103863162416,20
79882187,-0.0001293509887878519,0.00035470593645336876,0.9403072447054793,20
2262066,-0.00012955192769474323,0.0004793343797156885,0.8791979002009029,20
50133910,-0.00012967530078359936,0.0006218828470507692,0.8186192884478034,20
41844108,-0.00012975683270626814,0.00018700475039232326,0.9970725897036438,20
240321277,-0.0001297753330374296,0.00046608325288514187,0.8859036790989412,20
230712513,-0.00013007413076358,0.0003019603944899514,0.9654288479682236,20
103955366,-0.00013010114890030233,0.0003105702929318868,0.9617618631169986,20
51454207,-0.00013014950064043073,0.0006030950045163558,0.8266902539303804,20
17877716,-0.00013045425037766512,0.00019485612480706963,0.9962703423407183,20
70279043,-0.00013047820247462648,0.00015079781811476903,0.9994838986082999,20
119611955,-0.00013070928849843178,0.00023045246561049642,0.9899372622817706,20
68086162,-0.0001309067842815037,0.0003534769339394885,0.9429494119434619,20
18680129,-0.00013102697397725515,0.00014744562522664255,0.9995935974598882,20
59016091,-0.00013112976271226207,0.00047117527661537,0.885795543888197,20
105556655,-0.00013115760624446415,0.0002041964418240343,0.9951251406918294,20
3212652,-0.00013191696977768452,0.00026373162111895896,0.981262727781825,20
6596678,-0.00013195846203807317,0.00041179189626945807,0.9159592038791973,20
130748733,-0.0001319694936106508,0.0004286158786120928,0.9077328841268839,20
81902088,-0.0001320599889350127,0.0002562629310314315,0.9836792219237162,20
99485426,-0.0001322735186196744,0.00047006982281677575,0.8882577181129687,20
138967017,-0.00013239105334647005,0.0004741985902898867,0.886505881840979,20
78597927,-0.00013248711705787786,0.00035222841357453736,0.9455486402883786,20
221275955,-0.00013262396969550007,0.0006192708187257178,0.8248932206530827,20
7467907,-0.0001326720855841901,0.0002740957467561075,0.9783236150291863,20
24959709,-0.00013279378771127726,0.00015929811512139212,0.9992872092150021,20
23896965,-0.0001328265406044027,0.00042186582075437213,0.9123692216368966,20
103555202,-0.00013282946267441088,0.00022728288080648237,0.9914594669702016,20
29452550,-0.00013294019416403846,0.0002969468929141092,0.9701229367419695,20
16281187,-0.00013313342894564207,0.00028052082009753115,0.9764171826045883,20
16293956,-0.00013317744052419034,0.0004936785875519012,0.8787699154086961,20
154971179,-0.00013389961129519622,0.0003779525379297926,0.9351937304398543,20
47731815,-0.0001339357060831492,0.0004858758614093832,0.8836530953375236,20
183414572,-0.00013400125801397156,0.00026194519251974285,0.9831061524256136,20
234315474,-0.00013400223143845147,0.0005987672192494625,0.835261904053975,20
126144694,-0.00013415160771661493,0.00046091600675200495,0.8956984693558249,20
84571181,-0.00013446794770809455,0.0022584404245083655,0.6035509604464964,20
76818625,-0.0001346513111004921,0.00041393926940241156,0.9189698439483172,20
18,-0.00013480385328216716,0.0003471277417924961,0.9506879803935333,20
77185444,-0.00013483509555083927,0.00018771493680139556,0.9977071456922679,20
64074978,-0.0001348600316428361,0.00033676823847525564,0.9553708599784922,20
39680957,-0.00013486811579535018,0.00044419244040318624,0.9047908347049894,20
94185703,-0.00013490041383115714,0.00020152880815978158,0.9962664695181623,20
85804696,-0.00013496235133071411,0.0003603129639592284,0.9448551625905902,20
35329480,-0.0001351400160568561,0.00030813328900439343,0.9676711834769322,20
83716233,-0.0001351611380775164,0.0007212663551632921,0.7937898778848136,20
36231284,-0.00013532076970708683,0.0002685160838726932,0.9818926061957965,20
4395776,-0.0001353742951420933,0.00032061185993212106,0.9628240617474213,20
153779708,-0.0001355257127298115,0.0008234792518714164,0.7646429657027687,20
62620768,-0.00013554757717492149,0.0003339123981095764,0.9573606553947718,20
4015761,-0.0001355994824650375,0.0003205777840350013,0.9630590564168386,20
21922328,-0.00013586196739642786,0.0002835873270902234,0.9773419423309924,20
28611162,-0.00013607265313350658,0.00016334951278586173,0.9992828143886615,20
82221607,-0.00013624440153418572,0.00018137762289331409,0.9983530599504468,20
48117478,-0.00013646567543865173,0.0004348495157244677,0.9116935368049434,20
106131406,-0.00013662451098107599,0.00045505279531527816,0.9024056035853825,20
152541977,-0.0001369118574400141,0.0003539196078675831,0.9500810630221964,20
48653361,-0.00013693245577047207,0.0002567882350335492,0.9861665628916071,20
19220666,-0.00013694057329179387,0.00023331684463035162,0.9916617303625811,20
62020357,-0.0001373399371991324,0.0002812490534267601,0.9791417171084055,20
21083435,-0.0001373943210488393,0.00043017894618178345,0.9152879013756403,20
89840856,-0.0001374401216503285,0.00019140769026397604,0.9977014345213987,20
29872160,-0.00013774778965111034,0.00025905629486573173,0.9859699445139839,20
188433744,-0.00013783011290003923,0.00022317338513124595,0.9937955414415719,20
152378025,-0.00013816121595240926,0.0002460858245113543,0.9893749620424372,20
157261170,-0.00013823976865121046,0.00024497163952731774,0.9896596106087017,20
16023669,-0.00013826305488599534,0.00026229052783112113,0.9853605764264655,20
190021957,-0.00013853930333070918,0.0002628087129127483,0.9853621695752109,20
88899205,-0.00013862533755796825,0.00037877849718570675,0.9409262816102838,20
100887239,-0.00013887867764983964,0.00023598331956172893,0.9917869793309441,20
97283613,-0.00013892806613481358,0.00025878982143888517,0.9866200326024583,20
90893554,-0.00013893612138503596,0.0003017484454185932,0.9732726245955278,20
27629882,-0.00013898791915972208,0.00013342361438656801,0.9999144068521807,20
28763950,-0.00013904566222379676,0.0003755558284853165,0.9429033503391379,20
180824669,-0.00013920248710034834,0.0007232127697574075,0.7999561892496598,20
27091661,-0.00013926968880535463,0.0002091786310663168,0.9961314235667365,20
42724638,-0.0001395983296129666,0.0004083904274913007,0.928590490244866,20
119173430,-0.00013973027533470961,0.00045542120033580563,0.9069950033576384,20
4666537,-0.0001397393061390917,0.0002556369262785738,0.9877886498623812,20
179611563,-0.00013999241581820753,0.00016222062496920502,0.999471755864439,20
23232640,-0.00014003441338290013,0.0004105594237323369,0.9281789882404398,20
9619210,-0.00014020886890884766,0.000370659741557347,0.9464769656476842,20
77997689,-0.000140217759174055,0.0003222383628562613,0.9667001788084129,20
51155831,-0.00014024108618486132,0.00016677714218019658,0.9993381645615806,20
48251551,-0.00014024998324969619,0.00023589036517122897,0.992249652153543,20
77796139,-0.00014040104450940838,0.00025630412384001697,0.9879204258021218,20
35049131,-0.00014043290314311174,0.0003009619698773761,0.9746884512011296,20
227909907,-0.00014052763814383917,0.00019070753653663638,0.9980977406775081,20
56755223,-0.00014054142752174538,0.0002782677346746827,0.9820730641044573,20
63074236,-0.00014056261115091284,0.0002394475637930008,0.9916696370586434,20
47711490,-0.00014069599579386583,0.000268829363022329,0.9848417972805223,20
152393422,-0.00014076871597842877,0.00031475399143561473,0.970004323070288,20
13676738,-0.00014080936922432065,0.00021324371617312084,0.9959165974201524,20
59765696,-0.00014096425283761094,0.00045695246002791306,0.908134096800213,20
11875535,-0.0001410984710703278,0.00048095291756970466,0.8974247115845729,20
87625242,-0.00014112369179368754,0.0002907427135681017,0.9785853255523579,20
223080192,-0.00014119292823693285,0.00037828980952723656,0.9442619482334196,20
177606903,-0.0001413654904467765,0.0002901152722488583,0.978944337951661,20
231889860,-0.00014156741985988375,0.0003139868272974436,0.9709385329672461,20
112661746,-0.0001417412709704635,0.00045621601915882943,0.9096163697254636,20
99712634,-0.000141890961193053,0.0003390051440967941,0.9616455229112579,20
8069685,-0.00014225461330691358,0.00029516126953424107,0.9779161186970465,20
25064984,-0.00014240808890065293,0.0002266103511975585,0.9944163135964623,20
55658836,-0.00014252191429753314,0.0002558696514007601,0.9889222654299952,20
41145835,-0.0001426196566341964,0.0005097376930343373,0.8869862597149852,20
21030273,-0.0001427281362141708,0.0002512381936398004,0.990023959433524,20
65529644,-0.00014283578634816663,0.00035602078028602175,0.9556466291186705,20
66864550,-0.0001428448191335363,0.0010035534727907292,0.733996659125167,20
53066639,-0.00014299532481847342,0.00033389484150662816,0.9646822539257808,20
95081744,-0.00014302233253198348,0.00034579518703625213,0.9600123356907331,20
35170475,-0.00014321459879724775,0.0005490400450628207,0.8710842588743759,20
86824720,-0.00014330627628704186,0.00033177522450872127,0.9657739638327587,20
52677789,-0.00014334064137797587,0.00022958347318207433,0.9941900923233068,20
21004578,-0.000143356913948961,0.0003628548953889967,0.9533435030284164,20
64906716,-0.00014349159300552916,0.0003227162601804363,0.9693207645283838,20
53457041,-0.0001435152859187383,0.00031443689933471187,0.9723139057235898,20
103729657,-0.00014352493248098174,0.00031913249606987986,0.9706495493387246,20
2611717,-0.00014362012854643447,0.000766979805599237,0.793618248089204,20
54254019,-0.00014382369828088158,0.000900983022005071,0.7580120589716155,20
113101368,-0.00014392568824811436,0.00026118346246852437,0.9882841536969109,20
39908579,-0.0001440263530491759,0.0010683539922577208,0.7231462969008211,20
9007493,-0.00014416100161977475,0.00022615471701398923,0.9948871195900779,20
74493432,-0.0001442838757008791,0.0004644402263561017,0.9095982677285213,20
35443662,-0.0001443276291886064,0.00034636811315589926,0.96103764617956,20
70,-0.00014433960095470711,0.0004203577015320908,0.9294405399287906,20
86897643,-0.00014465531177043078,0.0005048091762828692,0.8922830803795857,20
77508587,-0.00014478128375493559,0.00017607575920339526,0.9991997621294174,20
118268613,-0.00014496666377714074,0.00033266544399338335,0.966881753261863,20
113207613,-0.00014516035908035963,0.000493461314092116,0.898011413798813,20
159186427,-0.0001451892325113835,0.0003398586187401408,0.9643616111682712,20
35499043,-0.00014519973195745717,0.0004572786472558266,0.9141010264902666,20
154384684,-0.00014523266070105013,0.0002903737059778224,0.9812565683305033,20
204457283,-0.00014542398441199088,0.0002944786666016206,0.9801527172008159,20
49513767,-0.00014557344701133235,0.0002930961893758556,0.9806556116356544,20
86037993,-0.0001455776419333088,0.0003206656545710963,0.9717179760271344,20
30094716,-0.00014571076672230122,0.0003288091003241202,0.9689223326154651,20
5619731,-0.00014572470720947695,0.0005758540874343243,0.8640811406257586,20
136156232,-0.00014575375703594905,0.0006369568025472524,0.8405022480613631,20
49733746,-0.00014588481995466695,0.00033576730490099367,0.9665124059320003,20
86493701,-0.00014603917265386125,0.0004607056341533166,0.913753763687109,20
39079964,-0.00014604932681809845,0.0003739363287316356,0.951581482583907,20
115653150,-0.00014628793811690687,0.0005068034039494289,0.8938829833511925,20
41345989,-0.00014633044170823118,0.00035482648640940525,0.9596056601019116,20
8467037,-0.00014671631781506544,0.00040702136670755254,0.9382799729136075,20
99113672,-0.00014689801091594124,0.0002826206736454802,0.9843315600486221,20
87252225,-0.00014693768153412057,0.0003080519143296622,0.9769149395292819,20
57482264,-0.00014697817365196263,0.0001992309417257807,0.9981140065872919,20
87438598,-0.00014722895138055692,0.00045348017068441086,0.9185845756392557,20
77063668,-0.00014723616194807222,0.0002737042416601887,0.9867564782864611,20
107803379,-0.0001475778356948343,0.00027906192018724627,0.9855887620856657,20
22263473,-0.00014811035903072867,0.0004186053295395341,0.9349603963498928,20
56854016,-0.00014856572716789306,0.00038684440794648883,0.9489282961155101,20
163191314,-0.00014868241210478362,0.000633400149582224,0.8465042722669549,20
14671928,-0.0001487164426284493,0.00033037622138663104,0.9707536577856615,20
20955577,-0.00014873930530678314,0.00016085990163272685,0.999718647087697,20
25128175,-0.0001490070852094738,0.00035741804036598125,0.9611066249339772,20
24634003,-0.00014908165777515747,0.00031738909181782386,0.9753729945682739,20
111945784,-0.00014913590687233856,0.0003025807730606619,0.9799807611388475,20
118333204,-0.0001491664749414423,0.0001879240408450181,0.9989303949130973,20
77889316,-0.00014921127391243628,0.0005164828275812,0.8940731523799637,20
97723338,-0.00014925832124585981,0.0003030395274735259,0.9799188631295561,20
172803147,-0.00014945618759925616,0.00023428434232483644,0.9949111989735893,20
72271917,-0.00014967267776299641,0.000318191033038433,0.9755195462645594,20
8835907,-0.00014970624439850644,0.0003283250100009429,0.9722045193717685,20
84170745,-0.0001498203901199313,0.0004397736877697929,0.9279535989842808,20
49449156,-0.00014995958948145206,0.00031456604113116657,0.9768591174291729,20
103443846,-0.00014996527323581365,0.00020977767421591738,0.9976271501353218,20
41903782,-0.00015000504530288117,0.0004549018293803887,0.9216641230199207,20
140195127,-0.00015010795457684467,0.00043234310164069474,0.9315044655026256,20
126955560,-0.00015011559399283892,0.0004215859305734366,0.9361033120551895,20
101394379,-0.000150147990441718,0.0005621378948779206,0.8765120474332979,20
178608316,-0.00015025034237811096,0.00021207920812775253,0.9974697129469988,20
154143443,-0.0001502873932904214,0.00029882979627157143,0.9817208562723672,20
90276722,-0.000150444851189685,0.00026586606331258344,0.9898108748369958,20
77307602,-0.00015048954561648343,0.00021335082135133187,0.9973899747352403,20
49489381,-0.0001505067042397612,0.0006715656712412809,0.8355948338253052,20
89475684,-0.00015056564922075744,0.0005149637088714328,0.8966891090778136,20
8617183,-0.00015094759739683327,0.0004943273161476859,0.9059941755786572,20
23918734,-0.00015099988957275045,0.0003716835502582961,0.9574749504488427,20
41740041,-0.00015104413542033068,0.00010958427056085005,0.9999968256639087,20
128783888,-0.0001510663907221599,0.0003244891281666367,0.974449949401057,20
42703618,-0.00015126128306052755,0.00034065775132902077,0.9691582360303628,20
39641863,-0.00015136001770730824,0.0010897166250821739,0.729066443582937,20
74839689,-0.00015145652694878998,0.0004095850485394742,0.9426929368673705,20
55694982,-0.0001515493257961409,0.00022215341888241012,0.9967114910836438,20
110342627,-0.00015157425973765792,0.00046041324092887094,0.9213424379778479,20
149771954,-0.00015175521884104316,0.0002415012831992003,0.9944138927078244,20
68266162,-0.00015176866148260414,0.0003545519656133065,0.9646198375368409,20
241900281,-0.00015206187778292745,0.0004249987854077624,0.9369637865964597,20
18284519,-0.00015213298667870467,0.0005327018634284622,0.8915379257953638,20
0,-0.00015215586282069093,0.00031872833134769765,0.976995899903912,20
51841424,-0.00015220622218746206,0.0002027749290573749,0.99834392401703,20
156783292,-0.00015222251184324187,0.0002506816150951749,0.9931408450648894,20
127946788,-0.00015226521426151552,0.00031277402656034375,0.9788587275784554,20
73415232,-0.00015251475800239777,0.0004945615164119009,0.9080635907720738,20
36050152,-0.0001527982462915245,0.00037210988043088865,0.9590001739896421,20
39853630,-0.0001532235431107698,0.00027690754289591156,0.9885329893385693,20
51608348,-0.00015324251532352617,0.0003697246171952395,0.9603050063426245,20
53757497,-0.0001533425444939618,0.00022210621826161388,0.9969696733114917,20
152177852,-0.0001535143306691966,0.00031393201006125104,0.9792695661904521,20
104718523,-0.00015353979452171208,0.00048771022289956597,0.9123448903294861,20
80300553,-0.00015366064740677255,0.0004148122095600728,0.9429923042303745,20
131750352,-0.000153826918814709,0.0003185772637999033,0.9780933614305029,20
84554053,-0.0001538278329288323,0.0010969975361814906,0.7309748813875552,20
19480833,-0.00015389291187039577,0.0003803138626196151,0.9568995435472574,20
226708389,-0.00015390553024487996,0.0002845945929819617,0.9871034964200941,20
174807719,-0.00015405025636752723,0.0005747002633528617,0.8773221986093411,20
134561909,-0.0001540604600601847,0.0004180281199030315,0.94212174311507,20
122711751,-0.0001541793827644078,0.0003541053245166989,0.9667769453106138,20
170001257,-0.00015423613106709254,0.00012498936651950964,0.9999873485217488,20
60744233,-0.00015429417319567373,0.0003571149746201049,0.9658089911324224,20
113366165,-0.0001544609585736545,0.00037311417546116233,0.9601377604942435,20
1464986,-0.00015450553685870117,0.00032699838805127644,0.9759735189355426,20
124542531,-0.0001545094846839623,0.000435060697387491,0.9356345665957245,20
45645884,-0.0001547010337321464,0.0002534751728367962,0.9933424899937939,20
97638548,-0.0001549032153328078,0.0002270575195037652,0.9967126989619017,20
46152114,-0.00015502129686862376,0.00031963824417443617,0.9785082646089356,20
99930785,-0.00015518522743867002,0.00037999865734835304,0.9582229187434887,20
56255724,-0.0001552121832723963,0.000383091973518898,0.9570820599476153,20
47909938,-0.00015527538253510832,0.0006454083805483602,0.8522836219927776,20
49836993,-0.00015531000668479457,0.000411529398557976,0.9460986319108898,20
150791535,-0.00015549105257826046,0.00045978959593433454,0.9265537397183277,20
12621340,-0.000155498478803201,0.00017677506660328658,0.9995544350160706,20
91534586,-0.00015554511220107204,0.0004256957722039186,0.9406480902425346,20
87273783,-0.00015559127307407383,0.00018662990394468495,0.9992877236652405,20
62901975,-0.00015572024737713907,0.0002404794939524655,0.995369026699859,20
25889500,-0.00015577405999305793,0.0004169557435029976,0.9444223936588437,20
152783783,-0.00015627087543554908,0.00013374160162003877,0.9999759175448247,20
7873485,-0.00015627093186841855,0.0003330841015444175,0.9752529622692542,20
2814275,-0.0001565377549494318,0.000943006597592801,0.7665281934274492,20
47852559,-0.000156691648021412,0.0003563047917531479,0.9680017643278291,20
37943039,-0.00015704613059890903,0.0002990939670342426,0.9850787316262646,20
108359189,-0.00015708291120932193,0.00026785886943360204,0.9916224991603847,20
36422045,-0.0001571499546448196,0.001682582144103936,0.6595715626166361,20
90301209,-0.00015728535709716996,0.0004952339205893423,0.9141446944619733,20
142244277,-0.00015731148678852503,0.00027248693498926446,0.9908604064761956,20
61655944,-0.00015731604568182124,0.0003138298537743773,0.9814461981958265,20
2802132,-0.0001575945080497132,0.0002557932823503669,0.9937051160629173,20
113864109,-0.00015776429142532188,0.00045991863397715693,0.9292508159809668,20
133561129,-0.00015779452663085557,0.0008622354883627413,0.7883706894851135,20
45268032,-0.00015821412691705006,0.00046405352955073055,0.9280998772409259,20
129190913,-0.00015826975965343437,0.0005083616570406665,0.910046439202886,20
183226871,-0.00015830122611947272,0.0010247585347629433,0.7509900675561805,20
17826706,-0.00015837320305122637,0.0004136414732145585,0.9484399059057639,20
79500073,-0.0001584441320184482,0.0003232430443924905,0.9794858427206538,20
6866827,-0.00015866632709192198,0.0005725259812454632,0.8848519401928925,20
43347282,-0.00015876975738116084,0.00038015228482653966,0.9613517642854283,20
101654292,-0.00015880932520079272,0.0004335931244876129,0.9410596525331991,20
59164245,-0.0001589128899135872,0.00028716546482497894,0.9885379584841707,20
78508773,-0.00015897563157957762,0.00024843814242287094,0.9950086040835161,20
149574596,-0.0001595813254621048,0.0005844642101617476,0.8815012085902192,20
72139377,-0.00015959183424516521,0.0002585945713532679,0.9937689072601045,20
41649868,-0.0001596634572955391,0.0003273917950977218,0.9790216939578478,20
34443120,-0.00015966830730156366,0.00029846694970905624,0.9863846193177456,20
38443758,-0.00015968239420459108,0.0005108645743095759,0.9108697166894782,20
71,-0.00015981115368882137,0.00018374901895600515,0.9995069439316899,20
32499100,-0.00015989885986131825,0.0002073533839987411,0.9986544311135219,20
133771154,-0.00016026800599209802,0.00020992330527613585,0.9985455773118084,20
38861066,-0.00016027104221387202,0.00021281341936616122,0.9983850455858094,20
119936272,-0.00016041456662586052,0.0005304655443660341,0.9039355275135872,20
62867318,-0.00016041516309584503,0.00038002040526994966,0.9627878371739814,20
172999895,-0.00016043199677482912,0.000312890468202917,0.9832875192122899,20
66872215,-0.00016053999184329482,0.0002960902533831224,0.9872721389218279,20
56540618,-0.00016061132785598066,0.00023668976838531184,0.9965914529959236,20
23089048,-0.00016080250623066173,0.00032783385621717613,0.9795466655749012,20
63346320,-0.00016086745957964997,0.0008042174510320608,0.8088926742857223,20
85492693,-0.00016108978848222155,0.00023276924972077156,0.9970192578026753,20
1210789,-0.00016110914678825196,0.0003558694378228348,0.9714035210410681,20
77596104,-0.00016134084475416532,0.00033991057060114486,0.9764303910697977,20
18712214,-0.00016157007089676045,0.0005793418867454877,0.8862627827936912,20
42884431,-0.00016157066388461928,0.0004602759612444054,0.9335233145186733,20
152055235,-0.00016167333120466475,0.0003946918653456812,0.9586526150539968,20
84599898,-0.00016187866474433598,0.0002973623455100747,0.9875289471719212,20
86513226,-0.00016191461065173662,0.00027018291941567694,0.9925937171258362,20
28030143,-0.00016192030055702243,0.0012148848278292592,0.72091099777541,20
33899323,-0.00016196722345130366,0.0002637362128389413,0.9935833871476549,20
69989135,-0.0001620731883756721,0.00039947882957939074,0.9572802253536526,20
134971602,-0.00016211848116777782,0.0005232134686393885,0.9090547117528867,20
91381882,-0.00016219623428128104,0.00010385282255744919,0.9999994084770762,20
1062974,-0.00016240180173732744,0.0002777619237351084,0.9914803662079903,20
93915766,-0.00016242470829128664,0.00038617425533793854,0.9623044396109015,20
70630073,-0.0001626792846012637,0.0003717284836485468,0.9674063544057053,20
184616504,-0.0001626904599478951,0.00035206816161991887,0.9736605606099649,20
1065018,-0.00016277447968567892,0.0002545000565002184,0.9949931790535838,20
42958558,-0.00016280613844948388,0.0004954859570520068,0.9209622315223516,20
202637815,-0.0001631866471594967,0.0002568500866873684,0.9947806927099005,20
86424293,-0.00016361282914259534,0.0002887201102006081,0.9898892856319381,20
90733686,-0.0001637485412648243,0.0005189214588044889,0.9128254621525984,20
66672009,-0.00016375954760796118,0.0003003642393209545,0.9876243405347143,20
46107752,-0.00016392478210468519,0.0003986667801839193,0.9591907855294619,20
187431600,-0.0001639543271448718,0.00042090090565922837,0.9511665717529576,20
172413267,-0.00016424791969562035,0.00112368454103719,0.7394268027953652,20
35221110,-0.00016435712284481596,0.00026148996052882293,0.9944225032051444,20
2666837,-0.0001647803039757978,0.0003103567448766316,0.9858667159329458,20
45527127,-0.0001648136935638589,0.0004147838324445294,0.9542087612108299,20
130359263,-0.0001648415074499032,0.00037727565656347443,0.9672084290851681,20
15078859,-0.00016493765273359884,0.00028993836680374005,0.9900967363631361,20
131456378,-0.00016502377963099614,0.0003576745924235159,0.9734932483871712,20
51244997,-0.00016502538058664197,0.0004717121704131504,0.9329038099215112,20
150740863,-0.0001650601333733237,0.00042360317480270035,0.9512167857210774,20
30930418,-0.00016512201568760765,0.0004902874946857492,0.925763437592265,20
145374760,-0.00016556936082435804,0.00044774290319745525,0.9426958134007746,20
64572470,-0.0001656229825869826,0.0004562085141734971,0.9395292690151154,20
164792631,-0.00016562527845150887,0.0010623578234242829,0.7529460643244119,20
117904649,-0.000165839995945799,0.00020799081800553518,0.9989686541434989,20
55598682,-0.0001659954237067718,0.00024457005285753573,0.9965965326243089,20
114464592,-0.0001660365577346945,0.00023699480680664713,0.997262525477604,20
36700944,-0.00016618676002642664,0.0003025332670626517,0.9880919721962711,20
99950748,-0.00016624773033249162,0.001080902890605733,0.7500656389286693,20
7818887,-0.00016645271787382732,0.0002400351424324796,0.997060373185478,20
67886129,-0.0001664540588216412,0.0005416017276095773,0.9073511993836371,20
222478858,-0.0001664766733800671,0.00038954592752373716,0.9644089838849251,20
46807985,-0.0001665753245963575,0.000681150233539009,0.856111993920428,20
43568801,-0.00016663552898260603,0.00022446211819017445,0.9982003445911845,20
13873691,-0.00016670207985285956,0.0002620157536743937,0.9948259816301667,20
80748999,-0.00016670831454780323,0.00040573629474208617,0.9590866316950519,20
72230792,-0.00016703566044187212,0.00019873964066948317,0.999335360846888,20
195830491,-0.00016710679406338192,0.0005400500339089065,0.9087698473607648,20
43829304,-0.00016725207878340865,0.000526118967707079,0.9143369105061366,20
129679756,-0.0001674448927627803,0.0004431260607492491,0.9463050837135832,20
108533903,-0.00016749954274087876,0.0007237741748026767,0.8431602967431,20
28870129,-0.00016752624910456037,0.00021859651433288706,0.9985878275173248,20
52195057,-0.00016755046591906964,0.0004316374132918113,0.9506206942277191,20
35621291,-0.00016759489553738182,0.000266249006407403,0.9944726454297624,20
16875965,-0.0001677169077033025,0.00042421737523047767,0.9534493653067173,20
78880320,-0.0001678871733872267,0.0003680732600703058,0.9722421352392957,20
3012372,-0.00016797463400065605,0.00027144961837570567,0.9938682397237321,20
91723213,-0.0001680602902812245,0.0009988278741753934,0.7695051047848271,20
143772471,-0.00016852497720991068,0.0004711300624951927,0.9369190313843455,20
67656715,-0.0001685468662818157,0.00024746026849683,0.9966761347989919,20
36515752,-0.00016863265173589493,0.0003254631322400879,0.9840935784116802,20
75832975,-0.00016889919394447173,0.00040949710202291706,0.9596243699814283,20
28834019,-0.00016905104131327288,0.0008391963756925002,0.8105362863126646,20
55721302,-0.00016909295125754897,0.0003169805294218935,0.9861920286795292,20
160989252,-0.00016918264809981376,0.00024295011738851617,0.9971446389673801,20
25489283,-0.0001693132591769453,0.00047087028268041697,0.9378446535643139,20
57013482,-0.0001694047715492919,0.0002730116829479976,0.9939685570136065,20
126155985,-0.00016953132378462742,0.00024807088022460536,0.9967509792370518,20
33902593,-0.00016965872451784046,0.0005149446444216057,0.9214955329221814,20
157584520,-0.00016979090329533598,0.0003698066735094552,0.9729650441442559,20
3,-0.00016999983605586744,0.00042748462753261295,0.9543321144924203,20
185028458,-0.0001700346276643172,0.00015804518329988186,0.9999393415962883,20
201836853,-0.0001704139496884971,0.00028667394991034774,0.9922419334910527,20
138262890,-0.00017049523930223187,0.0003088121435429601,0.9883988533888148,20
170730606,-0.0001706683530361075,0.0005175040923675427,0.9216872030956585,20
63689312,-0.00017070253020281533,0.00011936768755397835,0.9999980410574751,20
25264997,-0.00017073234611365563,0.0002034180766865078,0.9993274665640305,20
17287814,-0.0001708661949851753,0.00031621508641383096,0.98705039853053,20
74503753,-0.00017086937594029683,0.00024727944313271096,0.9969875876768908,20
182814131,-0.00017101117828076108,0.0004923728901189217,0.9315706056613045,20
114627259,-0.00017143112048940146,0.0004852918360961762,0.9346713783306175,20
107096320,-0.00017155831909257958,0.00024877522681227585,0.9969457342986795,20
5669025,-0.00017171855055459485,0.0005001535258812803,0.929417803417232,20
8066598,-0.00017176850528251574,0.00019025397912199288,0.9996484438485812,20
45,-0.00017186644988564925,0.0006998190547576207,0.8571010791738592,20
3212494,-0.00017200209491067265,0.00018516425690309266,0.9997306336955671,20
154577008,-0.00017241701728396564,0.0002058008046206552,0.999316876169608,20
142283198,-0.00017252085577129094,0.0006735021144734483,0.866898949770171,20
59887911,-0.0001725833375846475,0.0004247418321871502,0.9574983601238009,20
47408449,-0.00017320548896754273,0.0003728491523105195,0.9742222112116946,20
246527524,-0.00017322201517263602,0.0019745865768005595,0.6504064854683448,20
96522796,-0.00017406338334838845,0.00045996260662515534,0.9465466337724721,20
49391293,-0.00017407275073251792,0.00026978785992538194,0.9952623284836561,20
3815005,-0.00017407547911341693,0.000541849066098753,0.9164705628652352,20
145687798,-0.00017452255544967988,0.00045231475446704254,0.9496713078356547,20
10423046,-0.00017469012776114012,0.0005813135713224049,0.90259782724342,20
46578206,-0.00017476538185252078,0.0005069038850734714,0.9302006228525224,20
67827456,-0.00017479881368790418,0.00031022824618293917,0.9895754968961931,20
87405761,-0.00017498170170687777,0.00028900033935427437,0.9930230990275177,20
46787594,-0.00017499500239876454,0.0003432747336978346,0.9828288549884446,20
82401518,-0.00017530298468805273,0.0010486529661907595,0.768074392900403,20
121155622,-0.00017537637063501642,0.0002779548544971285,0.9945522169057546,20
201252335,-0.00017562161609515625,0.0005105206731953886,0.929785050822256,20
30529316,-0.00017567788167904274,0.00021022771082256187,0.99930186630078,20
107958746,-0.00017576828043660563,0.0008311840130673311,0.821915558514119,20
10868944,-0.00017604422361460202,0.0004576198047964615,0.9491980722127816,20
36734073,-0.00017620566507939306,0.00035826152026836346,0.9797913010882519,20
163395026,-0.0001763096357315308,0.0003667514951317915,0.9776734084552298,20
106646203,-0.00017638374906681076,0.0017502910617836417,0.6713376691479254,20
86297150,-0.00017642627468802963,0.0004546095728215633,0.950583904697116,20
92314443,-0.00017645789405223988,0.0007150241486636492,0.8582384985554571,20
11688891,-0.0001764874606965283,0.0003893805787653213,0.9715360516307399,20
8219262,-0.0001765415563047268,0.0003657743738985748,0.9780532369926848,20
82690118,-0.0001767962234628606,0.00039159445853706253,0.97109197422876,20
12822702,-0.00017697748466303788,0.00044385310848307763,0.9547289761587647,20
33676283,-0.00017705974579163564,0.0002981301580143126,0.9922007451675432,20
72471207,-0.00017708180952790697,0.0004498568934652582,0.9527866773968303,20
21823058,-0.00017784628545443603,0.0003902088371766591,0.9721563976520052,20
86097013,-0.00017794736478753958,0.0003514830403859115,0.9822707791292182,20
125584342,-0.00017796466621482486,0.0005613690275366234,0.9137723357514788,20
53057019,-0.00017799305264392106,0.00044873396097477733,0.9539461043667582,20
167007853,-0.0001782206679066034,0.0005426972688016147,0.9208536871283285,20
40025246,-0.00017824365777496798,0.00021857338952936315,0.9991425297623175,20
23285068,-0.00017826390792446967,0.0005446074302069882,0.9202072262148621,20
71430355,-0.0001782997842749101,0.000310499152898029,0.9905884603554569,20
46466083,-0.00017833569636952485,0.00031597660096824174,0.9896680146955684,20
14471838,-0.00017842734913147695,0.0003434105363971553,0.984303219649157,20
58014684,-0.00017848975402241508,0.00036964505329429675,0.9780957227836137,20
72270977,-0.00017856734388296824,0.00016972446248730884,0.9999229380612009,20
99530260,-0.00017859727355978294,0.00041102765692452433,0.9665216308371669,20
164591835,-0.0001787320078479926,0.0004233373028614767,0.9628115432940134,20
5866892,-0.00017902410888084863,0.0002611037138183967,0.9968227020684473,20
178408114,-0.00017910877588172002,0.0003939291705629777,0.9718872644289751,20
210293333,-0.0001791452542523997,0.0002717460705904004,0.9958727083274673,20
71212979,-0.0001795473035404449,0.00026560777093901614,0.996502845772635,20
36105646,-0.00017977236701767761,0.00048558401965559465,0.9428938392615084,20
20282977,-0.00017984348119000625,0.00044136948442164776,0.9579015902354281,20
29093137,-0.00017999040908329156,0.0005412305638270815,0.9233207731166144,20
174014949,-0.00018001705538354674,0.0008681033330455269,0.8173192888312213,20
94698911,-0.0001800628598858045,0.00036719570538787876,0.979523258225561,20
235492499,-0.00018024204283578204,0.00029646663649084007,0.9931892595014139,20
47554353,-0.0001802903504593889,0.0005038517792078513,0.9369789580561285,20
50444456,-0.00018050718836779556,0.0002833702306527779,0.9948649120645767,20
12889591,-0.00018052285144880552,0.00024986793829592194,0.9978012586350421,20
213066961,-0.00018056631773086807,0.00023724682981663786,0.9985102881625352,20
110740664,-0.00018086623777418542,0.0007720170733587857,0.8460434492094538,20
124342414,-0.0001809059850527095,0.00020666843355380177,0.9995344451248352,20
53739281,-0.00018093276889312172,0.00022666433820132465,0.9989780290606756,20
156998495,-0.000180956855020864,0.00020828459750881861,0.9995022429455128,20
31235720,-0.00018128414196623145,0.00027293822078268187,0.9960698283615734,20
113543445,-0.00018146986629547502,0.00031801157726834775,0.9902613872968616,20
22436142,-0.00018172244761812116,0.0008860064534666564,0.8147450941746197,20
89055189,-0.00018173708133701895,0.00024400830381786582,0.9982437666687489,20
19030990,-0.00018190644266288802,0.0006750212775168478,0.878531582159806,20
20834050,-0.0001819374468817192,0.00029690289784413735,0.9934994342643781,20
79666284,-0.0001820461135338125,0.00024543061134303857,0.998188778424422,20
86073052,-0.00018207343087900396,0.00039712695270325817,0.9728085686651173,20
9287478,-0.00018219641649407924,0.000291677999623787,0.9942069397475235,20
108340355,-0.00018236041207074228,0.00033992729458210194,0.9865740834610861,20
23518008,-0.00018245797573621103,0.00031249326930181723,0.9914148352108165,20
57200619,-0.0001824584590947309,0.0014133641566031086,0.7147527827547535,20
73302177,-0.0001825013024108202,0.00037664711063384234,0.9784217694004439,20
160393294,-0.0001825247164281174,0.0004572109186716514,0.9549098421386828,20
123179715,-0.00018254068681227697,0.0021317925967066884,0.6469922651909183,20
156784003,-0.00018263626785174902,0.00019990246471709652,0.9996851250741101,20
27048983,-0.0001826861090272136,0.0002610297854416462,0.9972426426973439,20
66892479,-0.00018296547296191567,0.00018703814154602563,0.9998370471508357,20
38143400,-0.00018297013556706765,0.0004361885954040028,0.9619439112836093,20
120955578,-0.00018319113547170528,0.00018098643133869505,0.9998845899876212,20
133953649,-0.00018330196987591528,0.00040260465532969414,0.9720387475237542,20
177409850,-0.000183329046693953,0.0002486321443527886,0.9981068285074703,20
95121488,-0.0001835817586777533,0.0003536273373084418,0.9842402365224369,20
103043565,-0.00018364770172250578,0.0002009108230083092,0.9996865649566734,20
205040726,-0.0001837522142250303,0.00021482670249805733,0.9994289866934702,20
33018462,-0.0001837601464088401,0.00043167062012742255,0.9639004389794746,20
60,-0.00018377310793013524,0.00047329670945268676,0.9506647031158051,20
32836223,-0.0001837849453531104,0.00046540857362058083,0.9532699544563963,20
83516152,-0.000183821680773677,0.00022861830326329093,0.9990367094081137,20
222904298,-0.00018382712270876845,0.00037175648818218895,0.9802684002810023,20
153984283,-0.0001838528292720576,0.00035921043654347053,0.9831466959644293,20
56095152,-0.00018386470408249811,0.00018596517174432635,0.9998535219311548,20
49555059,-0.00018395703290239874,0.0010655768500449664,0.7752096793922273,20
55121154,-0.000183962685347705,0.0003288886604812245,0.9891635015284722,20
8199263,-0.0001843019684855951,0.0002982660323178791,0.9938147429550004,20
71099165,-0.0001843302689506221,0.001697517645106051,0.6836055861102794,20
11675117,-0.00018451752576301161,0.0002546650597038581,0.997846646281895,20
231513431,-0.0001848101780672129,0.00030829444320524933,0.9926066996152276,20
26700033,-0.00018492556391829228,0.00037525644278310773,0.9799659774488645,20
19226809,-0.00018502946829465627,0.00033443311132787555,0.9885248759303306,20
84403409,-0.00018524846428145115,0.0009645356644939197,0.799453515370084,20
28527335,-0.0001854637436501161,0.00032073017580495883,0.9909416303593742,20
19,-0.00018562864073550788,0.000340481994753352,0.9876232406434075,20
10200574,-0.00018566017469763828,0.0004917326423720617,0.9461709485215432,20
61072859,-0.00018570348425944738,0.0004707374752494966,0.9531177265750831,20
29728387,-0.00018581625289580407,0.0005398801972552513,0.9298805936012754,20
63020950,-0.0001859307659182019,0.0014231348297241123,0.7170469103001176,20
64172189,-0.00018599584403886094,0.0004423535188585725,0.9622626835579197,20
68266342,-0.00018640490884912485,0.00036972281078741606,0.9819283171314608,20
88491237,-0.00018662448539182863,0.00038834985649736686,0.9776383379451121,20
31698187,-0.0001867353590047194,0.00032192187089074425,0.9910965256929452,20
35537706,-0.00018715495175646856,0.00026496842742890605,0.9974151044022264,20
74092923,-0.0001873047790630078,0.0001906184684896202,0.9998441657897642,20
163604977,-0.00018743142270046808,0.00018218753582953677,0.9999024576394995,20
72482572,-0.00018784648112520896,0.00021936111185686579,0.9994346921328857,20
63893394,-0.00018789110607035365,0.0004633404745864596,0.9572098300324265,20
13623535,-0.00018802707059489832,0.0003225266323787728,0.9913409902020209,20
12272589,-0.00018826152539560547,0.00018151671057147165,0.999910381892138,20
69066996,-0.00018843775279407947,0.0010143316970336578,0.7918008724708405,20
30220230,-0.00018861914213985642,0.0005690630335342947,0.9226733618099892,20
47668215,-0.00018919460727119807,0.00041425570744710045,0.9723840777125606,20
92117183,-0.00018924631582728502,0.0003165925037604237,0.9924847376029993,20
16626390,-0.0001892710557859556,0.00028136268045232383,0.9963868255325558,20
42648863,-0.00018929424833631913,0.0004328789527933414,0.967311407331539,20
165306219,-0.00018937913653587212,0.0002742919566848707,0.9969704942688811,20
53463164,-0.00018940133825494642,0.00048438740002953366,0.9517557257743221,20
74461117,-0.0001896637879690688,0.0004376237541495091,0.966198562943667,20
177018726,-0.00019008851647485115,0.00046860231338313686,0.9572582725224066,20
78286828,-0.0001902624223835414,0.0005592379696365662,0.9276980819086753,20
136629298,-0.00019059867392194342,0.0006060805754621355,0.9121225913032617,20
18026735,-0.00019075171238736033,0.00023518058060015677,0.9991032337625495,20
53263156,-0.00019086701365561565,0.0002561034714566194,0.9982521496650832,20
165598203,-0.00019103119065545516,0.0003583211195811604,0.986150886333794,20
12269343,-0.00019103824590707696,0.0003331847820023635,0.9905106978080217,20
10671078,-0.00019105096257607813,0.00024942641522434625,0.9985819419422923,20
139766698,-0.00019110019923797018,0.0003880831679585165,0.9798977077322667,20
149980084,-0.0001913267631551585,0.0005611777249071409,0.9280990585417517,20
35038606,-0.00019185072430307759,0.0006264291849792384,0.9066147214460021,20
6671609,-0.00019188973286082267,0.00027124950489040026,0.9974433844306992,20
37056518,-0.00019204932485719083,0.00022195059761038514,0.9994840409742844,20
62080663,-0.0001921571645599418,0.0004513853561720587,0.9639035346265102,20
101506383,-0.00019236952257294936,0.00044959670965621907,0.9645635654685862,20
102908073,-0.00019250508530890275,0.00033555377316305885,0.9905398210924086,20
41864364,-0.00019270276640997452,0.0003403868425066094,0.9898360755593992,20
8617396,-0.00019296331302088855,0.0004405446446722911,0.9675132479889484,20
180010702,-0.00019298892273057479,0.0003978826202415048,0.9785179023225621,20
109160306,-0.00019310357704545035,0.0006770592260133583,0.8912453869320436,20
27900578,-0.0001931662763248021,0.00021142382194726285,0.9996851826611923,20
209263023,-0.00019323472381093664,0.0003021294933826405,0.9949927179663611,20
167808253,-0.00019335573156685216,0.00023020266313680284,0.9993317038767433,20
47066612,-0.00019338852134012652,0.00025206140958736173,0.9986000120389009,20
125217535,-0.00019340888151652135,0.00023963581283145967,0.9990660522647168,20
31894355,-0.00019346263793256212,0.0004109776629530429,0.9755956777564567,20
42504192,-0.00019362456593428613,0.00032378235864651326,0.9925026800473344,20
142963372,-0.00019379697387904017,0.00024780632906281475,0.9987953339134861,20
116103672,-0.0001940633933567526,0.00042103642813506805,0.9733854864475237,20
73273361,-0.00019410437882002584,0.0006060689850071712,0.9158445754506633,20
76633561,-0.00019473159593390023,0.00047286186005482324,0.9594067810672573,20
77101748,-0.00019476401825294087,0.00023110495285737624,0.9993506216484075,20
98991404,-0.0001949141802211396,0.0009959579765891485,0.8038079905081945,20
10671101,-0.00019493696654674376,0.0004508264327657963,0.9659089257861513,20
52115613,-0.0001951313458863957,0.00029788435398485515,0.995699088843799,20
27067070,-0.00019538296728418002,0.00035006395852856133,0.9890390604137071,20
40,-0.00019575804735171842,0.00039225321154113537,0.9810691134256762,20
138164365,-0.00019582570116727927,0.0006236786948283802,0.9117999616196192,20
20032182,-0.00019616718121388544,0.00028710455613575387,0.9967465096858354,20
55158618,-0.0001962411490725735,0.0002976248733213637,0.9958775769840487,20
24037617,-0.00019631327324733938,0.0004481265616174247,0.9675313495383484,20
54053951,-0.00019631621416094092,0.0004514130569219798,0.9666302868019053,20
82903387,-0.00019640447437985765,0.0001815941154278931,0.9999427173631266,20
228510516,-0.00019642588548055007,0.00036682204990554307,0.9864500801298857,20
10471050,-0.00019665398957136038,0.0005046656216997829,0.9512225439123723,20
139880223,-0.00019670056850843443,0.00030802502108868523,0.9949439636101317,20
4269460,-0.00019680417449910448,0.0003467418193288458,0.9899749205441913,20
198045530,-0.0001968207676506517,0.0007816100383806093,0.8629368904018018,20
76506771,-0.00019685718762330607,0.0003579430327527508,0.9881643927087209,20
41848100,-0.00019723971590400734,0.00043022527805954084,0.972803841534402,20
9067597,-0.00019736168060993097,0.0003390732558394269,0.9912646349136728,20
53858302,-0.00019776463903007914,0.000392919445893566,0.9817874403558762,20
133074645,-0.00019785004641415527,0.00038576285911499887,0.9833086599235963,20
8021213,-0.0001978546731846831,0.0003189479028294654,0.9939586803995009,20
12611254,-0.00019802809462338145,0.0002889734037453734,0.9968112324685429,20
203038008,-0.0001980616025101689,0.00024854493239456836,0.9989638367585755,20
1461778,-0.00019807502414758148,0.00039701828747798257,0.981042693586458,20
107406663,-0.000198141244239719,0.00023846373799923975,0.9992672296000347,20
69734360,-0.00019837701091093284,0.0002461235381248174,0.9990556424138094,20
184216388,-0.0001984448022879448,0.00025718419685518724,0.9986607419263287,20
125017426,-0.00019871419787361176,0.0008253876841451781,0.8524471627508183,20
119753885,-0.0001987711362883282,0.00037741385946848233,0.9852967293470548,20
88639672,-0.000198835105662698,0.00047702677638483936,0.9610813763024585,20
103091059,-0.00019884149020225618,0.00033843842356776033,0.9917092151674931,20
56121439,-0.0001989062149279075,0.000367741147695965,0.9871152553725883,20
19426904,-0.0001993348336267353,0.0004555996672524725,0.9673761981050337,20
5068661,-0.00019983847867003913,0.0002839234755559811,0.9973501210613359,20
7416604,-0.00020000746162566753,0.0003917571598957564,0.9829474139365496,20
119748143,-0.00020031462231470676,0.0003538702048521061,0.9898302390271003,20
37859065,-0.00020039263733550582,0.00036414933814441413,0.9882015785848678,20
53275037,-0.00020087525804394213,0.00033479907463045524,0.9926441604584364,20
124954555,-0.00020166044385840908,0.0002894322312068546,0.9971553619742519,20
39881000,-0.00020194424088111894,0.0006559614764398773,0.907707732415583,20
22684090,-0.00020196715409074862,0.0003609576040902027,0.9891824018099066,20
238496786,-0.00020220341022968434,0.00014852999460587054,0.9999962751761168,20
46046009,-0.00020229718191176472,0.00022473185320690342,0.9996387365214361,20
52660391,-0.00020231324187844346,0.0002916998009630905,0.9970637459375868,20
4066398,-0.000202387483491423,0.0003535614294761016,0.9904251187009195,20
18627154,-0.00020248611592341704,0.0004771313185299441,0.9634950457959666,20
145577095,-0.00020259252960467267,0.0003202960383821212,0.9946347684242438,20
90713018,-0.00020261559352146574,0.0004000516733798524,0.9823026992385627,20
66284653,-0.00020273163719473631,0.0003429358435052922,0.991993267724778,20
111734779,-0.0002029200236600026,0.00031986864986107794,0.9947318566908657,20
80888740,-0.00020293834548618106,0.000572695145483815,0.9352346569778893,20
39301918,-0.00020305056575076753,0.0005912982536638549,0.9294539851630979,20
11824529,-0.0002033439874267573,0.0003329464527282931,0.9933695295740578,20
28727376,-0.00020352202515501737,0.0002571354302528727,0.9989055254333955,20
29043363,-0.00020361465938480982,0.0003062741706117204,0.996093715320709,20
128183187,-0.00020365833166675063,0.0005711255321660824,0.9363632907725323,20
99992480,-0.00020377277786368664,0.000437326284774477,0.9745399953774413,20
81421353,-0.00020387568319124027,0.00033133300355226743,0.9936572214059385,20
92914566,-0.00020395172979033592,0.00040366932486602785,0.9821034425838612,20
54658234,-0.00020469647912623178,0.00037224594430947263,0.9881563839685316,20
189221832,-0.00020477393286768563,0.000842964394960288,0.8545482544748229,20
8817257,-0.00020485433545641696,0.0002963491386056976,0.996995470413489,20
230088621,-0.00020493334282418175,0.0003576179407351918,0.9904818735364989,20
34769621,-0.00020513168294933882,0.00041043807551513294,0.9811934540848797,20
80700886,-0.00020526518031956375,0.00036552507896484265,0.9893877360690543,20
26868490,-0.00020539185582489904,0.00020091444826720158,0.9998958238698771,20
140595561,-0.000205592501883195,0.000256390558879186,0.9990150819856007,20
206273555,-0.00020575431245644648,0.0009339876393774475,0.8315459472756069,20
141243646,-0.00020579661726038422,0.0004967900436477842,0.9602298647606161,20
2665938,-0.00020583748401300505,0.0003609381561663478,0.9902285724756571,20
103735338,-0.00020667098512183735,0.00048172590735590977,0.9649098446322376,20
178085216,-0.0002066832985244127,0.0003015082043131515,0.9968180979683455,20
14878442,-0.00020704498994665864,0.0005275160460900169,0.9523379803415254,20
99149535,-0.00020712538764768861,0.000364852610588962,0.9899858123282863,20
157173473,-0.00020743926042663953,0.0002481960676236439,0.9993028102647602,20
124554362,-0.00020773321268248158,0.0003747103851495179,0.9886450833774061,20
73874918,-0.00020777439496859064,0.0005178857530885958,0.9556453982007328,20
137156808,-0.0002082644747511575,0.0004999013111816516,0.9610122096290045,20
44750201,-0.00020850053655301903,0.0004365104504760534,0.9770509691711984,20
66174221,-0.00020921812118071537,0.0005609546675187203,0.9441398700661365,20
129079118,-0.00020921881118120543,0.00031185668245467584,0.996321356539657,20
219300973,-0.0002092540074684679,0.0005780579117399738,0.9390244675750647,20
205240913,-0.00020937672394327755,0.00026349185744985545,0.9989397429638192,20
20600742,-0.00020982392452668087,0.0004220670316224158,0.9807358871511349,20
91582159,-0.00020986973889242644,0.000421528791494952,0.980865131462624,20
38640779,-0.00021061328690113456,0.00039011271346075436,0.9869935416571963,20
28469570,-0.00021101425096639037,0.0003002479636454456,0.997322262920029,20
233514934,-0.000211029356259651,0.0003123675276977555,0.9964887254894694,20
10219129,-0.000211163269188136,0.00036424362067120724,0.9910681792881848,20
172479228,-0.00021118370767064242,0.00018877301788584663,0.9999605205569175,20
63882535,-0.0002112685914140211,0.00027231085265528763,0.9987169556808716,20
231313229,-0.0002113256802081298,0.0002662241004198082,0.9989307132009182,20
69677738,-0.00021134755630692893,0.0004223238849247839,0.9813044227832194,20
53119099,-0.0002117301089772039,0.00030107539911955846,0.9973341772677556,20
79998800,-0.00021173763483959274,0.00022992576408933747,0.9997076498300091,20
130991959,-0.0002117623941747193,0.00042629252219519414,0.9806694471802171,20
171477739,-0.00021207893958297142,0.00041342365059110074,0.9833242620985636,20
41539558,-0.00021232209481128472,0.0007016040046417956,0.904090281851052,20
12470239,-0.00021242561435383945,0.00043377169499832176,0.9794020619359614,20
28669837,-0.00021349681480876126,0.0003105364607823627,0.9968811457682937,20
7205148,-0.00021359024924367254,0.0003266803085009627,0.9956463767882342,20
27037079,-0.0002137199199567119,0.0008320919211628091,0.8675223701864353,20
6266066,-0.00021386170138482652,0.00031378124544997334,0.9966911664867761,20
97728776,-0.00021387243353654384,0.00020287016678645144,0.9999245777829697,20
84003139,-0.00021477531233548007,0.0003022839927647643,0.9975209871571673,20
88,-0.00021490663340506533,0.00035140938068779667,0.9934216656611583,20
51874054,-0.00021494247505797758,0.00028816306573544977,0.9982632708413589,20
31636186,-0.00021512370208265908,0.00023639006532828684,0.9996733665920682,20
19803902,-0.00021517826121050243,0.0002564444821830645,0.9993258573672008,20
32297173,-0.00021579753355384091,0.0005938713759684512,0.9396884953264157,20
82351846,-0.00021586138679163258,0.0004324429506303591,0.9810874515612339,20
102490732,-0.00021596686351496586,0.0004835587959778103,0.9698438446816637,20
61465720,-0.00021607562505338574,0.00039028794998096505,0.9885645218081126,20
137758160,-0.00021610268810492438,0.000409414681576316,0.9854545183148186,20
93985655,-0.00021624484652246756,0.00032976349619878514,0.9957286446862027,20
34534669,-0.0002164557510974996,0.0005193153507131608,0.9610774884090718,20
82752285,-0.00021657440187728417,0.0002887325349674376,0.9983350372266095,20
72501356,-0.00021677416606431522,0.00040435751397270385,0.9865273620531805,20
11271614,-0.00021690403574490258,0.0006959818530248551,0.9102587452223732,20
93925689,-0.0002169416390625789,0.00042061779716278866,0.9837448089642485,20
48146508,-0.00021714191998953303,0.001851451015824047,0.6970020016033613,20
120348676,-0.00021749617500426143,0.0002448430207394697,0.9995921942460501,20
210092916,-0.00021761558401909298,0.00022867512881867409,0.9997863601776134,20
162666009,-0.0002177140226177654,0.00034293462402494585,0.9947560204853868,20
114768277,-0.00021774264958064892,0.0003986625140117289,0.9877372310140279,20
243924743,-0.000217783622997636,0.00042145071330383773,0.9838901243188847,20
25808060,-0.00021813593410623943,0.0017071762740744892,0.712797151547383,20
26529273,-0.00021816980606201853,0.00039018194667128056,0.9891433040411907,20
94721058,-0.00021819761485232237,0.0003376527799110685,0.995308521355063,20
101933160,-0.00021835096999430758,0.00028038107999392713,0.9987545055952084,20
86913446,-0.00021843930300197156,0.0003684159460724403,0.9921265729999315,20
62261800,-0.00021886687329972232,0.002185808326380135,0.6703188464687297,20
58658606,-0.0002189201679690167,0.0003144050482851457,0.9971426997238153,20
98484637,-0.0002189239634186102,0.00036860989881192137,0.9922020132403792,20
24237673,-0.00021901246009335408,0.00023610731603016777,0.9997269819994163,20
62258977,-0.0002190128517855716,0.0006367180563373933,0.9297668540772185,20
30469293,-0.0002190187787019904,0.00063536850813731,0.9301687473159159,20
233091074,-0.00021916523237999752,0.0003896182136570808,0.9894825474111825,20
58686544,-0.0002191736929607002,0.00020850764794498838,0.9999221979112648,20
131150005,-0.0002195842392867131,0.00028107964047230957,0.9987851082971037,20
57295864,-0.0002197033714431751,0.0004643700006180569,0.9761065190578787,20
52919096,-0.0002198497583399739,0.00040865217145039876,0.9867624666813489,20
66608189,-0.00022002899068955805,0.0011699011027026392,0.7946224794118203,20
25090012,-0.00022005159519827288,0.0003944431678723145,0.9890125935407801,20
53610153,-0.0002202068692012227,0.0003629433345902864,0.9931070136061529,20
79769631,-0.0002203079551602205,0.00025520133944198666,0.9994733486872762,20
115768926,-0.0002203085413149397,0.00041345407993717515,0.9861149065594019,20
135676404,-0.00022065396318274866,0.00029987754892882025,0.998077294119013,20
34969919,-0.00022086361449791814,0.0004994242435485693,0.968676584778757,20
145975583,-0.0002209816979245216,0.0005301831967327617,0.9610750864503438,20
158900185,-0.00022111809712199726,0.0004334427698913787,0.9828856343299993,20
18883099,-0.00022111826488569464,0.0004743573063367743,0.9745830114470476,20
26028885,-0.00022132136773705957,0.0004279578896200227,0.9839505561422226,20
154771016,-0.00022143959934175505,0.00019059293624437614,0.9999742899646524,20
43912667,-0.0002216739423428371,0.00030316205564080234,0.9979860279108111,20
46953957,-0.00022168245042078483,0.0008576786065702802,0.8689753514397609,20
122351934,-0.00022189273590331182,0.0008411159739510863,0.8736760182145658,20
95646751,-0.0002221379075064256,0.0004081883002252301,0.9875082584718758,20
3262710,-0.00022249171948111047,0.0005321546370699214,0.9614977752420316,20
60059641,-0.00022293195194235117,0.00021535256435791363,0.9999085852480462,20
17032871,-0.00022322292355217988,0.00026515872431997724,0.999344597548715,20
10800737,-0.00022323453370368118,0.0005361519532129009,0.9609309552803394,20
97523338,-0.00022340428111832788,0.0003827846212732664,0.9913943946277215,20
82506759,-0.00022350853350697197,0.0003926959914186423,0.9901241936523881,20
130791733,-0.00022360788144197287,0.0004935391003469752,0.9714908786781649,20
15479795,-0.0002237353869447345,0.0003923702953692082,0.9902221057205831,20
51594712,-0.00022381517320419487,0.0006237194910851949,0.9374821513710417,20
36822215,-0.00022422542513781952,0.0004803785375168417,0.9747230365963042,20
117752603,-0.00022441526786939892,0.0002648700570285448,0.9993798582140268,20
83197173,-0.0002250364997213261,0.00035993792493868424,0.9942384447799322,20
2463749,-0.00022536508205596163,0.0003083165624743774,0.9979809043749387,20
55922102,-0.00022536948011421808,0.0003918234421764987,0.9906726782710443,20
95614638,-0.00022543623208031715,0.0002849503910419878,0.9989015667484729,20
175207819,-0.0002257670395128808,0.0002819319730917235,0.9990041338753766,20
105645232,-0.0002258680182871009,0.0004146055774075676,0.9875750474814532,20
44644709,-0.00022643691457501224,0.0004193737292137977,0.9870011268642453,20
51715302,-0.00022659034930027077,0.0003971453452462328,0.9902529269996705,20
62874191,-0.00022679627467491747,0.0012886301696511473,0.7795303777954088,20
19845376,-0.00022684896169239966,0.0002372548888915848,0.9997959469147398,20
89112315,-0.0002268761985793899,0.00030205673698259174,0.9983520657261826,20
10474497,-0.00022706587773669296,0.00037414972213739377,0.9931176508482263,20
48553911,-0.0002270726864306405,0.0004709073204878797,0.9779648606394064,20
152742530,-0.00022769222445392367,0.0006927639725774161,0.9210182886575367,20
126385172,-0.0002277345667617059,0.0004198992546378894,0.987290628003274,20
35243412,-0.00022775198977756928,0.0004575860915756299,0.9808386521282133,20
128157996,-0.000228416019453892,0.00021305970992688346,0.9999369871357733,20
232890592,-0.00022874612727207254,0.00022337518852207447,0.9998976638472655,20
23063840,-0.00022886114322983597,0.00031097595045146234,0.9980798343444812,20
120060051,-0.00022905868906485382,0.0002845917156096205,0.9990446424691009,20
16281046,-0.00022944794484747177,0.0002577503048835415,0.9995999761869242,20
103108128,-0.00022951492946450823,0.0003002635076187671,0.9985590364003354,20
65254054,-0.00022975203967010027,0.0002590137911270428,0.999586816670079,20
14475033,-0.00022985344391371343,0.000292856118023469,0.9988293021890743,20
58083015,-0.00023031628774397017,0.00028061243474982123,0.9991874031553926,20
101946653,-0.00023085948698849945,0.000210148195217984,0.9999516992928661,20
109122283,-0.00023097273829080777,0.0005704241616150167,0.9569952682410213,20
158499584,-0.00023100085233143663,0.0004436890958552616,0.9844558981627205,20
56452706,-0.0002310851706164907,0.0005265775795642258,0.9677455048156749,20
62661961,-0.00023120892787763524,0.0003448533479714454,0.9963058261788053,20
156298421,-0.00023128079138447498,0.0008505780367894248,0.8805648697813048,20
34169181,-0.00023132629291362506,0.00033672145122059496,0.9968651630251618,20
86873597,-0.00023143087346176318,0.0003025253903078885,0.9985680248527548,20
138993531,-0.00023214856098126014,0.0003867510418623617,0.992662962373573,20
80482835,-0.00023221673616689588,0.000479787579240719,0.9783165251728279,20
57741610,-0.00023224143826105492,0.00034616643135678543,0.9963218677781701,20
105803955,-0.00023225051989659296,0.0004200991460594459,0.9884799306907196,20
87474040,-0.00023259182299232296,0.0005268380183603765,0.9684728441820905,20
611323,-0.0002327324664073205,0.0005079781852993905,0.972731605721072,20
13211607,-0.00023273715599353428,0.0025249595750869275,0.6576030886386173,20
17624482,-0.00023293288417534087,0.0003520558557772914,0.9959692476080432,20
39437589,-0.00023322543278155304,0.0002875289177597671,0.9991037006952165,20
98239298,-0.00023337150355111634,0.0005315917507814408,0.9677903995949575,20
65607618,-0.00023346602425681207,0.0007452757899766183,0.9113242045136639,20
33442124,-0.00023395790871130195,0.0002975730340725021,0.9988452612234017,20
70068129,-0.00023397310802548144,0.0005275049112054466,0.9690296874431676,20
32308134,-0.00023404925006725307,0.0007025703095400784,0.923656842437795,20
206660085,-0.00023443093655086677,0.0005236086138218342,0.9701311303548121,20
48353605,-0.00023478984760626486,0.0003407323355350458,0.99692934118969,20
57862549,-0.00023483829678264123,0.0005776648945979769,0.9575710316701876,20
95721981,-0.00023561661267517686,0.00024819234004450275,0.9997812782467127,20
88377644,-0.0002357604951096992,0.0006531364816041417,0.9385254528336927,20
145135611,-0.00023578160070693576,0.001337353649671949,0.7799219086175027,20
108206960,-0.00023586783647844834,0.000780319118218604,0.9038425161326992,20
80,-0.00023589453860147768,0.0003847839955255082,0.993516584757184,20
115921128,-0.00023605273692537955,0.00034545495891138403,0.996748103969993,20
97323161,-0.00023613135545427766,0.00028937828409237757,0.9991469625330587,20
126418134,-0.00023639908065354877,0.00027696094077966595,0.9994183709929839,20
140395343,-0.0002365490925410385,0.000469057140934217,0.9819501526639778,20
91916953,-0.00023679846256912106,0.0002716275271760067,0.9995171663729341,20
131586429,-0.00023691977511841044,0.0007518957759610765,0.9125267841911532,20
1813940,-0.00023707790324947742,0.0005536700728392849,0.9646608237070106,20
92042416,-0.00023738996725586325,0.0004089102366968874,0.9911370875340874,20
102243247,-0.0002376085302447539,0.00024670988937285717,0.999809934373516,20
70555521,-0.0002376512370580508,0.0005299190915257007,0.9703240342732106,20
30096355,-0.00023790647130941255,0.00043162667163910545,0.9882988417880865,20
47288122,-0.0002379482930826904,0.0007094050825416514,0.9249810797621578,20
63060163,-0.0002380257968733257,0.000769224152807241,0.9087751328577737,20
33072539,-0.00023802816413811544,0.0004513225934543621,0.9853963109658913,20
48442384,-0.0002380682882896057,0.0003927435814395796,0.9930697618600623,20
67865802,-0.00023813177661398676,0.00027010123753363314,0.9995634398253546,20
132281907,-0.00023841612518424316,0.0009102894095656478,0.8720224101925643,20
161789937,-0.00023855179571948825,0.00035664134282637535,0.9962479135529139,20
16852835,-0.0002386461914600846,0.00036898616747621217,0.9953334687125444,20
151893946,-0.00023889846742004562,0.00039453484038514335,0.9930262652502765,20
46345635,-0.00023921880602569833,0.0017956047046819117,0.7208294676104007,20
87638843,-0.00023929651015797693,0.0005098124890607784,0.9753006504272139,20
84222593,-0.00023943198636590667,0.0003824624735501043,0.9942841782128878,20
147830989,-0.0002397737709407488,0.0005271799802694319,0.971924319872682,20
6196493,-0.0002398099683846855,0.0005019831362391303,0.9770657226041258,20
41441789,-0.0002401294525902764,0.0011641598997234764,0.8160726073181297,20
153257636,-0.00024016433392182735,0.0010183485631398337,0.8476037214372483,20
76076034,-0.00024028681841679612,0.0004151662386560685,0.9909862135027028,20
196828261,-0.00024035884150885867,0.0009622259900508363,0.8610635697580411,20
43505561,-0.00024051965929442476,0.00040306310960788944,0.9924098865118263,20
63,-0.00024056830640560855,0.0005695369155767003,0.9628730656605371,20
65063263,-0.00024080137576913961,0.000395776519911933,0.9932194964171593,20
9667835,-0.00024106322442307148,0.0004897690575567291,0.9798572373326135,20
40343426,-0.00024123533540968968,0.0005642707300125301,0.9644563418567385,20
49453987,-0.00024147743211394012,0.0002677675905539605,0.999644759443833,20
77908985,-0.00024178358293360235,0.0002612259382381475,0.9997212812037459,20
160588595,-0.00024180785121110103,0.0002607359399011388,0.9997264465275433,20
33437609,-0.00024182961249113454,0.0002804551942760466,0.9994679659255206,20
78419505,-0.00024213643666742835,0.0003657270658180477,0.9959864232369333,20
128620651,-0.000242176513377107,0.0004097459505765916,0.9919837212819778,20
155380346,-0.0002423333139384476,0.0007238464405870089,0.9246158487309005,20
64006012,-0.00024235193022600354,0.00030449347634034225,0.9989536094020961,20
53658222,-0.00024237322621170065,0.00017834125042952322,0.9999961925613479,20
74632186,-0.00024240085676414114,0.0003564822207092284,0.9966387360414005,20
25085080,-0.00024240511161247592,0.00038667361043451725,0.9943324871165322,20
16276215,-0.0002425034916603397,0.0002421028258489629,0.999871579542478,20
103638338,-0.0002426155614127956,0.0005416460100988151,0.9701832728207347,20
111344330,-0.00024263820197329423,0.0003935010493255533,0.9937363578520932,20
79198341,-0.00024273916003038077,0.0033261933649196876,0.6261431723839443,20
22116306,-0.00024286393192131107,0.0003157898037845887,0.9986258668587175,20
150540823,-0.0002429881049874183,0.000437054867653595,0.9888129833520242,20
92843716,-0.0002430862922702559,0.00019839137881272857,0.9999862263162321,20
77041826,-0.0002431818386698259,0.0003596065163913713,0.9965117699669616,20
26440960,-0.00024333813500378997,0.0002684333611115249,0.9996613935562364,20
64475210,-0.00024341880982976517,0.00028404891308583596,0.9994382962270685,20
58096778,-0.00024431269147921487,0.00048060099656045484,0.9826027141295769,20
49469781,-0.0002445400535312947,0.0003255337467047112,0.9983536072524576,20
35497508,-0.0002447422075093575,0.0003447872781571203,0.9975042261364728,20
165398168,-0.00024481809879023375,0.00033190686031079567,0.9981117861069756,20
99434172,-0.00024484566926953334,0.00046381916894786646,0.9854621977187523,20
32436683,-0.0002453052042748705,0.0003725504070302715,0.9958404515757242,20
39744102,-0.0002459592060502225,0.0006921978758821007,0.9357287151390854,20
71390290,-0.0002460198391106727,0.00101079492760481,0.8550019088569871,20
137062363,-0.0002460969035221805,0.0004235161950102863,0.9911823998358519,20
189621974,-0.00024610975012108184,0.00028138293677367035,0.9995311015426087,20
26040729,-0.00024626378763331624,0.0002106360995260257,0.9999760812164669,20
24,-0.00024628172061725293,0.00027856884739701723,0.9995742629290972,20
8,-0.0002465118902810981,0.00025191513839410316,0.9998375865459604,20
57556414,-0.000246577944248294,0.0002465821481732655,0.9998693806990616,20
68511137,-0.0002466203043285153,0.0003986766494009887,0.9938558037879249,20
60418506,-0.0002467409472795168,0.0006638770611046159,0.9435529522152475,20
34042693,-0.0002467724099079749,0.00047595891261944693,0.9841436154112221,20
48868211,-0.00024680326227260465,0.00026162674988900115,0.9997675012152915,20
93244027,-0.00024723939633147785,0.0005156116447243515,0.977427479968348,20
82684031,-0.0002475380659424098,0.0003752027675769779,0.995893302760969,20
225907498,-0.00024771875636752093,0.0003691322810427333,0.9963287325014024,20
174402618,-0.0002478720600544937,0.0015206861146076904,0.7625413451567944,20
88474391,-0.00024799189205071957,0.0003494861081970449,0.9974980908791143,20
157198532,-0.0002479968670494992,0.0003572311502051474,0.9970827997811593,20
105911963,-0.0002481894602389456,0.0003658396190901881,0.9965859468925182,20
47833625,-0.0002482299575790381,0.0002371388992852371,0.9999186772241918,20
44906861,-0.0002484667182345135,0.00024256312950701476,0.9998979679852678,20
27836811,-0.00024853354443762357,0.00019859793777044708,0.9999893239073905,20
116053532,-0.0002486694941070067,0.0002634583172956498,0.9997687440181227,20
65372855,-0.00024870183623336705,0.0005092797840544044,0.9791452553780974,20
15550435,-0.0002488170665591871,0.0003715803314138404,0.9962750788225717,20
130385926,-0.0002489257402205791,0.000421852945356903,0.9919093233202632,20
237295702,-0.00024895628781907987,0.0003001633560124188,0.9992559014715456,20
76876496,-0.00024906254648627836,0.00022971658241536012,0.9999442272281742,20
78264243,-0.000249087664082448,0.0004827211053021693,0.9837803184017198,20
72037493,-0.0002491948331044103,0.00042177701300239785,0.9919668410662944,20
115416503,-0.0002493289279422772,0.0002969933755784731,0.9993287866913746,20
116570630,-0.0002494470521179681,0.000335459973901607,0.9982223498069713,20
138765060,-0.0002494679445788128,0.000538767551032319,0.9738765416419536,20
58542197,-0.00024948924128119775,0.0007035833867548031,0.9353573384757025,20
13277017,-0.0002495105639578221,0.0005674959209467818,0.9679743657924561,20
56295273,-0.00024952440224866313,0.0002852062100322924,0.9995322865375551,20
206482511,-0.00024960342954771786,0.00029738948038120737,0.9993274490833596,20
49114544,-0.00024965709114122545,0.0003967595491908179,0.9944604213154901,20
44398291,-0.000249670337864244,0.0005539270492808461,0.9709023612582993,20
23485126,-0.00024979424945263396,0.0005497190543152919,0.9718210502040585,20
21222552,-0.0002500372393729799,0.0007573251769998854,0.9219055734292649,20
50323346,-0.00025027599581366465,0.0010614034002374409,0.8475640252170961,20
13871127,-0.00025031342479485684,0.00023288950167138232,0.9999387009930211,20
94106403,-0.0002508898697424655,0.0004788035624644737,0.9849293294822236,20
98325208,-0.00025107211165072976,0.001238189057286606,0.8120731262021474,20
123125756,-0.00025122360667353407,0.0003437710377486452,0.997977530800236,20
1411224,-0.0002513079967858045,0.0005894965629512649,0.9640887279735758,20
70467898,-0.0002518264740963283,0.0003652288303853697,0.9969424333551222,20
125863700,-0.000251999866040592,0.0005251192194492516,0.9775047094726194,20
128758855,-0.00025213659007712884,0.0003437795332851867,0.9980305034289502,20
25328382,-0.0002521880864352788,0.0004920061518056377,0.9832613809961879,20
28068952,-0.00025222363666957404,0.0005345863788509904,0.9758268814711579,20
48835476,-0.0002525205851449608,0.0006586800535717673,0.9486483896674669,20
245125829,-0.00025260618792515845,0.0009084618717320274,0.885598910704028,20
13072952,-0.0002526208117638429,0.0002750836120053062,0.9996999265550162,20
78489995,-0.00025283675690012666,0.0007538278419057223,0.9249720826335602,20
157861463,-0.00025303006256849336,0.00023925403223427785,0.9999270806262306,20
41042779,-0.00025353562139832087,0.00044312523624924434,0.99040037005476,20
100835221,-0.00025416256435802364,0.0005159068969774785,0.9799396003140739,20
22843428,-0.000254236449161227,0.0007993532359913425,0.9144360892131919,20
83822518,-0.00025465196504479424,0.0012414185978612577,0.8147758767799369,20
48863417,-0.00025480936950875166,0.000396216130977666,0.9951630467082366,20
20285344,-0.00025481920122829573,0.00021403807596575642,0.9999806320242918,20
229087980,-0.0002549161704627212,0.0003430345111321314,0.9982137956897454,20
64061227,-0.000255133450875028,0.00120629492835117,0.8219537603666192,20
23865221,-0.00025516425955983136,0.0004963056197302458,0.9834982695998884,20
98925933,-0.00025532812954832674,0.0004592909094287087,0.9888078288158165,20
63870607,-0.0002554409465129748,0.000730303505627265,0.9328672720936503,20
85287646,-0.00025560292958421994,0.0004950617199528995,0.983824578428276,20
31907974,-0.00025611764389524836,0.00035037916157828575,0.9979812960059863,20
80198869,-0.0002563327846232699,0.0003092309782841089,0.9992523549672739,20
96900819,-0.00025637363724011485,0.0008265574074876481,0.9092689161083507,20
25234253,-0.0002563900550894893,0.000633129095786993,0.9570106654087561,20
34453715,-0.0002566494312164436,0.00024112516162568492,0.9999319130700774,20
24039989,-0.0002572225458513655,0.0003939878279708294,0.9956054230859565,20
122979329,-0.0002572366993029207,0.00039929441739005396,0.9952159502057725,20
16898888,-0.00025773510023918147,0.0002735225956016121,0.9997649731057429,20
48130975,-0.00025782326524625423,0.0004923408905087378,0.9848840630887242,20
35443632,-0.00025784870849421824,0.0007094010703072227,0.9397362132292719,20
154380435,-0.00025787013194145667,0.0003821540083145856,0.9964607733950767,20
173879798,-0.00025797553980838606,0.0003825685774637387,0.9964447484616896,20
21487195,-0.00025800748153692046,0.00029171929867885575,0.9995757436832721,20
101888862,-0.00025834857594577153,0.00040086795367003575,0.9952274306951834,20
169709763,-0.0002584121483015345,0.0006315316041549162,0.9585014653642386,20
77689888,-0.0002585541791625623,0.00026028608743244283,0.9998602709849508,20
41486835,-0.00025875342751925933,0.001785937930659845,0.737611443049728,20
48240805,-0.00025899623087921044,0.0004119122313427848,0.9944347130510088,20
32271517,-0.00025907557074548727,0.00023711253402887878,0.9999487417183163,20
108734015,-0.00025980734925115656,0.00031508160014468735,0.9992183387899308,20
22261975,-0.0002600193787281879,0.00036127596528210125,0.9977397627973636,20
42147220,-0.0002602400450252507,0.00021794116002723515,0.9999812973239482,20
67475084,-0.0002603870670272179,0.0003003326599794156,0.9994930041653352,20
9418277,-0.0002604509605282468,0.0007155816910445925,0.9399738933554518,20
810722,-0.0002604817486125732,0.0003187491488952584,0.9991573635329353,20
36697270,-0.0002606979267650189,0.00038824318252776626,0.9963431399688786,20
101642896,-0.00026069925821640695,0.0003365094651615097,0.9987023017485753,20
161193628,-0.0002607009534641547,0.00040957161250661255,0.9948407307822157,20
136829431,-0.00026088194204464956,0.003353288137965454,0.6341400108048143,20
112901324,-0.0002609483315955452,0.000584557329923468,0.9697871586631713,20
69997816,-0.0002612410187512626,0.0004175822395904956,0.9942605425981036,20
102152729,-0.0002612879622142017,0.0008059336094775729,0.9183018092268149,20
134590023,-0.00026138092548463887,0.00025867326035682703,0.9998825660021153,20
145850069,-0.00026152890651519046,0.0014593803106496825,0.7836044041735597,20
161589626,-0.0002618322456343303,0.0002655796166730834,0.9998492687127012,20
135563101,-0.00026190888241527934,0.0015408007587207908,0.7717626194475146,20
173203884,-0.0002624940329498726,0.0006868020693377004,0.9481549502833735,20
99512608,-0.0002626209436677185,0.0003929085697348599,0.9962299709965297,20
79090600,-0.00026279057099912184,0.0006184262888193335,0.9636659709427703,20
87530470,-0.0002628175768172536,0.0009814995812214673,0.8770827201196798,20
80045939,-0.0002629765695277675,0.0003115964270061177,0.9993586159453937,20
164868273,-0.0002630443703793395,0.0004012374610748571,0.9957212909553586,20
101036713,-0.00026308630128195066,0.0004047434630816552,0.9954799506967053,20
132560452,-0.00026382516497613364,0.0005613594030264424,0.9754302834770513,20
101687995,-0.00026388271386701965,0.00021543847492792642,0.9999861692579031,20
14031269,-0.0002641643007607553,0.0004081773599077405,0.9953526006908504,20
93706001,-0.00026420591197414133,0.0008814265724247269,0.9020560705119306,20
39701974,-0.00026421341459211266,0.00031937052138367476,0.9992397340465984,20
151493818,-0.00026438565008391477,0.0004003545335591515,0.9959189138066228,20
112649670,-0.00026461705243828183,0.0005263965905892313,0.9816835192388582,20
127677874,-0.0002651601614569621,0.0003229344158996462,0.9991901562772945,20
138479807,-0.00026558954599467113,0.000517543071338323,0.9833535062690149,20
164267723,-0.00026560367218327887,0.0010325804947976666,0.8678609846341472,20
72780830,-0.00026568718712386417,0.0005792927325842908,0.9728476679630086,20
59859795,-0.0002657547781800218,0.0003363153898043432,0.9988909491578483,20
104003048,-0.0002658925834572945,0.00046733401419533666,0.9901046913938361,20
8266451,-0.000266010170483888,0.000295555531037711,0.9996382309967615,20
64883740,-0.00026631233157841104,0.00027293398262891644,0.9998328712851281,20
71500166,-0.00026637855311792413,0.0004767596781161073,0.9891000482915637,20
180424382,-0.0002664519988351377,0.0008158018690002845,0.9197757154470365,20
7069065,-0.00026667222567285933,0.00035834872637672394,0.9982325853091204,20
103243628,-0.0002669465493928769,0.0002982476585065258,0.9996193332455467,20
65663548,-0.00026725822446896363,0.00029466696677328866,0.9996630211190392,20
109539508,-0.00026753797374173827,0.0003690828321841883,0.9978536141826083,20
11024148,-0.0002679994876154779,0.00037977096980460503,0.9973984496574789,20
104328723,-0.00026804362586431153,0.0004922523014648407,0.987545607840471,20
10688265,-0.0002681026120624597,0.0011772437305381822,0.8393763129612517,20
37734981,-0.00026814405668353916,0.00034839571585513265,0.9986339913217843,20
42628558,-0.00026819820310127753,0.0003053564248277787,0.9995483476714895,20
24289452,-0.0002682228435032075,0.0006510648839089944,0.959461469268887,20
143972993,-0.0002682380519451466,0.00046455222024936933,0.9908686289019714,20
66664663,-0.00026843868321351774,0.0002976762433944996,0.9996446266940849,20
33673512,-0.0002684667263027185,0.0004442086480816214,0.9929485197536998,20
73159526,-0.00026865844134562613,0.00029060586256687224,0.9997181462682042,20
22516639,-0.00026872888898942795,0.0004441752927062497,0.9929916460089451,20
28532188,-0.0002688940519965488,0.0004960594839716696,0.9872555660521771,20
48051528,-0.0002691734346033592,0.00040503297620958045,0.9960844369113939,20
30646641,-0.00026918568279719613,0.00037605781564738346,0.9976492195914473,20
177219071,-0.00026990949195114245,0.0002585743192942716,0.9999162319176332,20
122177256,-0.0002700407896490564,0.00045802408984491527,0.9918705126102602,20
82907156,-0.0002701431460069459,0.0005911869119213107,0.9724422692224667,20
170330173,-0.0002705621885066456,0.0005894353046853006,0.9729377573746746,20
198847383,-0.000271080801839918,0.0004331326575738461,0.9942749010832719,20
119948227,-0.000271175954625541,0.0002886533315716451,0.9997580918830449,20
25026917,-0.0002712661560050067,0.0003691839801361967,0.9980570294778256,20
88156698,-0.0002713978282738061,0.0003290075111763756,0.9992209392444028,20
68073008,-0.000271867602208542,0.0006040802229398569,0.9707305860244227,20
163404883,-0.00027203240665928384,0.0003344082609908992,0.9991247734578286,20
39,-0.0002721303931817909,0.00037280393170456734,0.997960538488707,20
112300774,-0.00027219923006402413,0.00046391970797289193,0.9916464088542881,20
112337086,-0.00027223305855948455,0.0004945483046812937,0.9882197849244824,20
97512306,-0.0002722583633509745,0.0002123456600049509,0.9999920678561505,20
184227423,-0.0002722782420143899,0.0004266638612559935,0.9949226346824598,20
79680399,-0.0002728187357760148,0.00028528011976863653,0.9997963177601423,20
9826757,-0.00027303289172117,0.0002746314238289092,0.9998614489931457,20
21691797,-0.0002731312291288812,0.00040699164709611627,0.996329237983704,20
47,-0.0002732392583419896,0.0004555496678165733,0.9926309550985347,20
260348,-0.00027336239769178985,0.00030498581738920447,0.9996242088508935,20
30495343,-0.00027399539561718254,0.0003688567171141723,0.9982084257123192,20
113766510,-0.00027468281038672826,0.0005020446857111245,0.9878452454559928,20
13070799,-0.00027481864248141694,0.00022660549745809932,0.999984430857314,20
44906746,-0.00027510426024239255,0.0004252034339340916,0.9953441145928108,20
54882458,-0.00027537084763815665,0.0003446619792075502,0.9989854647067655,20
153980108,-0.00027572095350620327,0.0006790804813695563,0.9573903393032239,20
65263265,-0.00027579305726222467,0.0013405648540052632,0.8154590152758732,20
6215711,-0.00027582422476444824,0.000534466598367955,0.9837902015722226,20
160588285,-0.00027590431035106054,0.000305861452924368,0.999645626532044,20
139664598,-0.00027596123848598885,0.0004669175548834691,0.9919827306056676,20
150654622,-0.00027596728209337005,0.0005235141875191627,0.9853614962058111,20
33842268,-0.0002764324311055,0.0005269694659869945,0.9850093241597698,20
72682773,-0.0002765091591457436,0.0003101798002597864,0.9996050652994403,20
21556446,-0.00027677677816708714,0.00035344708226451606,0.9988078398611342,20
25047208,-0.0002767801975659012,0.0002885197857010032,0.9998024350839876,20
131392653,-0.00027701779805672786,0.00032006847351016317,0.9994851769535406,20
47546434,-0.0002776120268944804,0.00035385392277815386,0.9988253778365953,20
55294595,-0.0002776383779275582,0.000505427800891971,0.9880915610923395,20
85423279,-0.0002778867865857404,0.00029902518075551593,0.9997317112098432,20
50514534,-0.0002781377940828722,0.0005086570500693136,0.9878087682206191,20
3813214,-0.0002784374478413731,0.0004443370169606636,0.994317955086705,20
17099258,-0.00027873872748726547,0.00033581366649279413,0.999260720068041,20
32649129,-0.00027879140671848156,0.000589795498353339,0.9760151527331716,20
70458035,-0.00027905736068630226,0.0004631066525683819,0.9928254357788248,20
44550108,-0.00027916613407754086,0.00037990609943221805,0.998058144559023,20
9872225,-0.00027942071162688763,0.00044537135561759924,0.994359468641006,20
98633671,-0.0002794249082187283,0.0007299479451193223,0.948408705152287,20
114939962,-0.0002794667643107263,0.00031278443331324437,0.9996131805941854,20
164992076,-0.0002800229497723905,0.000245419311873436,0.999968380652744,20
126818262,-0.00028096071790210676,0.0005935018502226789,0.976164500256615,20
74432126,-0.00028096368785374137,0.0002948664626774717,0.9997889883691129,20
811215,-0.0002810531555899054,0.0003851258162040205,0.9979567177762623,20
85116873,-0.00028116311367443745,0.00037337195180903144,0.9983839305830857,20
20285237,-0.00028126879966229313,0.0004059451369722197,0.9970434016267664,20
20036572,-0.0002813842559176438,0.00018707554930106796,0.9999990065474611,20
199651195,-0.0002814120022580968,0.00024403738693416178,0.9999719759828193,20
144173078,-0.0002816685040876232,0.00043724511039848994,0.9952141142289704,20
34648875,-0.00028241010866063564,0.0011878112936924948,0.8495086460904264,20
48546351,-0.0002835380099590501,0.0005074662804933529,0.9891006244621702,20
20229242,-0.0002835954488095427,0.0007762401557639392,0.9406266583531471,20
107920923,-0.00028384841596321706,0.0015975482066035928,0.7816695986677571,20
129759299,-0.00028393728443917854,0.00029718109590741497,0.9997944751795413,20
861105,-0.0002839918172584055,0.000655206776297453,0.9662112634645293,20
218299615,-0.000284209732167412,0.0009692956031860452,0.8973062419905227,20
150492978,-0.00028447274621979935,0.0003778706237002915,0.998380555336372,20
78768871,-0.00028486102755194144,0.0006589334275646274,0.965881779138895,20
75304870,-0.00028490062489547883,0.0006782596257009963,0.9621275625776281,20
115608949,-0.00028498732723291064,0.0004511198310659068,0.9945935638731223,20
10471029,-0.00028505842655258685,0.0004443338601153737,0.9950882121557919,20
26891603,-0.0002852894518041604,0.00037587666169513584,0.9984784135634848,20
132186618,-0.000285296328548823,0.00028509466385488107,0.9998703380050941,20
10827316,-0.00028538181839217746,0.0005442819736707527,0.9849756766850933,20
3462313,-0.0002855828492090096,0.00032841312969874074,0.9995062330083352,20
49605671,-0.0002856845855561285,0.0005492917995558608,0.9843783803301818,20
129366558,-0.00028577905539077243,0.0003471925077875201,0.9992066408621207,20
8268997,-0.00028622183775341983,0.00034666409903376334,0.9992268520938331,20
96082253,-0.0002863197631689851,0.00040270511241941617,0.9975329419627793,20
70267947,-0.00028636216808043956,0.00045064419952135673,0.9947864355874871,20
6015017,-0.0002865201844580223,0.0006667006649490303,0.9651298854797423,20
35843964,-0.00028657263338963677,0.0003174322243936349,0.9996482490659576,20
11209792,-0.000287431076871314,0.00037762542650929195,0.9985112431883556,20
49755059,-0.0002874366956010455,0.0007067417213126936,0.9576335025605206,20
55846071,-0.00028755931731592744,0.0002461622094961557,0.9999758498739004,20
198032726,-0.0002876966744540521,0.00046245640599611117,0.9940617583200497,20
23485953,-0.00028845365973997894,0.0004664706945385074,0.9938425049124284,20
72501283,-0.0002889414137015378,0.000503669862975777,0.9905378906178071,20
10370644,-0.000289069900344846,0.0003381144035575854,0.9994266272415728,20
131760147,-0.000289722720961566,0.0005997183580791459,0.9781407879293704,20
5414553,-0.0002901215866814244,0.0006703948041228416,0.9660148340165292,20
241322243,-0.0002902126373834246,0.0009218444837890812,0.9123446833615861,20
76795839,-0.0002908949210457257,0.0009114481744257923,0.9151405351825518,20
219073804,-0.00029103945921507004,0.0005817937430722594,0.9812714127763753,20
73959773,-0.0002911742687940255,0.0003696583117173762,0.9988623094160428,20
149139307,-0.00029118287151732594,0.0008059439082331102,0.9386847928693276,20
102,-0.0002914629754032283,0.0005367767690906926,0.987365408097467,20
6069329,-0.0002917203294061921,0.00029218305395168107,0.9998672859120347,20
146979354,-0.0002919256681775784,0.0005554017182895783,0.985152791429508,20
15226640,-0.0002920147171530885,0.0006744055242567288,0.9660827664225197,20
12822959,-0.00029203630723301786,0.000549420102893936,0.9859447324372356,20
17625568,-0.0002923876967949546,0.0005364146257488778,0.9876098178969195,20
103397218,-0.00029245926139277457,0.00030438908838636194,0.9998054245120457,20
62266253,-0.00029248228752340455,0.0008073374970267039,0.9391622668173648,20
50438556,-0.00029272063344925047,0.00045083693283722725,0.995447627846926,20
151582230,-0.00029281066039029134,0.0007176540601116718,0.9580925152213358,20
194426618,-0.0002934203313268213,0.0003685271334503054,0.9989565735327789,20
155596438,-0.00029373626811325936,0.00021642299244915215,0.999996126880144,20
179211155,-0.0002937959657753952,0.00040467737574937166,0.9978778049383812,20
88510978,-0.00029458068591104445,0.00024149707905908214,0.999985468878557,20
30102050,-0.0002948282402442159,0.0005274117073382778,0.9891290429740137,20
46048613,-0.00029540037316769794,0.0003930284579564866,0.9983602986344549,20
36699347,-0.00029542814186869217,0.0005700947284995645,0.9841049045425677,20
29294107,-0.00029572462915190557,0.0004778254227110693,0.9938736494596209,20
37299956,-0.0002960734070540427,0.00044728519881663537,0.9959810937479705,20
111141104,-0.00029607656266522067,0.00026994424670454806,0.9999508451274934,20
116217036,-0.00029650478097119625,0.0006045629519283703,0.9795365023028997,20
94681174,-0.0002970010067343598,0.0006790151309017192,0.9673418579866879,20
35650071,-0.00029704009765335604,0.0009519269006866487,0.9105172202961291,20
74475283,-0.0002973455254084434,0.0008788593393526068,0.9266398476868773,20
76507007,-0.0002975719172211344,0.0005179920886035047,0.9906095506804605,20
147377800,-0.00029762669912083983,0.00032645945249350005,0.9996788032853936,20
68138345,-0.00029803973084579496,0.0002964588159683371,0.9998762854807824,20
79748478,-0.00029808285774695633,0.0004916977854146373,0.9930740858834826,20
78490233,-0.00029841600786248423,0.0005414696094957896,0.9882918785230078,20
4012975,-0.0002990058870595724,0.00041518610968070246,0.9977499030765736,20
106519835,-0.0002990870405988333,0.0008668559472595244,0.9303385327137873,20
260544,-0.0002991065704471163,0.00036603789975763563,0.9991569052749665,20
79290420,-0.00029969622875382075,0.0004451184706774671,0.9964082849279858,20
169109440,-0.00030006575465636455,0.0010117781168304878,0.8997704062635125,20
78309826,-0.00030062310097219157,0.0008697771677249525,0.9306662592895701,20
38543495,-0.00030135793988670946,0.0004791091350677064,0.9944472299654021,20
56140375,-0.00030148630654528997,0.0013053016382896306,0.8426973249558848,20
115941733,-0.00030151989605846087,0.0003320049286448143,0.9996671090067626,20
160662929,-0.0003016634071419444,0.0002620239565198237,0.9999714513207956,20
57013397,-0.00030172835161781377,0.0003197790275048972,0.9997680024193134,20
169509545,-0.00030191226155392716,0.0002832802036915022,0.9999328596381436,20
12672956,-0.0003022519970160009,0.00030038459417705695,0.9998773904706914,20
5596138,-0.00030226024072626536,0.000700232140937694,0.965691621979966,20
174480301,-0.00030250556381835046,0.0001707828089177585,0.9999999030042935,20
59471353,-0.00030262276370669473,0.00025502978989102486,0.9999798706769107,20
206059608,-0.0003027705956175908,0.0005819514663231874,0.984403022331147,20
26500016,-0.00030312124413522934,0.00022265827126280221,0.9999962755323983,20
58742418,-0.00030318042292385437,0.00036889985932181017,0.9991963561314727,20
108960273,-0.00030326219387312724,0.0004920102646267632,0.9937217460701618,20
89731959,-0.000303699088106224,0.00028396124812579086,0.9999353385565808,20
43449385,-0.0003039255017652509,0.0005975228833519233,0.9826493618144883,20
120309606,-0.0003050905536201576,0.0002989415345691058,0.9998939971333646,20
96838090,-0.0003051106653046809,0.00044127686455835323,0.9970004572271368,20
86555229,-0.00030519050969986526,0.0006781326825041214,0.9707288715793104,20
49997272,-0.00030526306851977325,0.0005717771512510217,0.9862477661311524,20
126556256,-0.0003053329635999191,0.0007445489363908667,0.9588157788494205,20
78797120,-0.0003053446059905651,0.0003256138228488758,0.9997538563362333,20
57601097,-0.0003054204968648666,0.0003122459348018417,0.9998369067509153,20
5614524,-0.00030543513580038597,0.0003737947715711702,0.9991566769871855,20
160101532,-0.000306564079492877,0.0004855617216878019,0.9945738153170616,20
31097262,-0.0003067335263366222,0.0005519259039267162,0.9887902451283547,20
92517888,-0.0003067596785154558,0.0007985628157487229,0.9489675919632057,20
247327891,-0.0003077424029248155,0.0010635089042807242,0.8944264410482262,20
23686279,-0.0003081668343537014,0.00021021424897325793,0.9999985930960152,20
18016018,-0.0003083675486992343,0.0004455717973705563,0.9970196634024319,20
24830183,-0.0003091213890209055,0.00035060648188928444,0.9995636058109565,20
99652160,-0.0003108760007714484,0.0006668117007228738,0.9745986595995699,20
138062876,-0.0003116101242851388,0.0004956821178829282,0.994428388576182,20
6,-0.00031190714850778956,0.000587100136749127,0.9859097486085199,20
97542236,-0.00031200108037882643,0.000472579128270147,0.995912077119024,20
43061380,-0.00031209045070017537,0.0004835168845243519,0.9952734024717157,20
205841152,-0.00031227968036040554,0.0003347288242966181,0.999741454104385,20
74,-0.0003126861268673953,0.0003598132917104175,0.9995033963512429,20
32894251,-0.0003127485192315871,0.0007042617081413949,0.9691723486829052,20
189623964,-0.0003135529521899105,0.000608833583326739,0.9836306520473796,20
98112974,-0.00031410157050804077,0.0004241695544978498,0.998166139952854,20
40225753,-0.00031430979965194614,0.0004824571441199887,0.9955448103406094,20
61265678,-0.0003150611628625344,0.0003915318041844512,0.9990428992059229,20
154896788,-0.00031536867295568484,0.0004963237010247862,0.9947843226832644,20
96637989,-0.0003155333859037934,0.001020283523200493,0.9086566447210835,20
56259050,-0.0003161692784728942,0.00028329915769046495,0.9999594449638193,20
65930148,-0.0003162752684362058,0.0004449187996002258,0.9975297163310461,20
77145960,-0.00031634740484772774,0.00047081517739450476,0.9963587964095233,20
72873004,-0.00031648998855725584,0.000545994962694911,0.9910619158702823,20
83290485,-0.00031683007895033644,0.0004987080522880267,0.9947788350536514,20
143772767,-0.00031722673515705566,0.00039801140519933424,0.9989653605888608,20
10421057,-0.00031728983559862757,0.0009357427887706493,0.9270604087050922,20
107934113,-0.0003179585861593115,0.0003948490712897896,0.9990485074194085,20
12825176,-0.00031805072813504976,0.0013838559723073145,0.8415306360552203,20
47328970,-0.0003186598252885309,0.0006772175628787614,0.9755534907545196,20
92904733,-0.0003186754085800325,0.0008717771304616684,0.9407220645619258,20
59216705,-0.000319482412457972,0.0005614154603805904,0.9901149804096238,20
32841934,-0.0003204041467749164,0.0005636438406329857,0.9900572332299495,20
147937942,-0.00032063569030582053,0.0008132412826016869,0.9530303778693473,20
50955681,-0.0003206969587710051,0.0010441290849354573,0.9072189892096723,20
29293213,-0.00032071562444702106,0.0003744322524502826,0.999435868304302,20
59856636,-0.00032085728907316755,0.00030494371376224057,0.9999230032709546,20
19640054,-0.0003211685554522448,0.0004486040480146514,0.997652034235327,20
16473785,-0.0003220805815119132,0.00026748163407398453,0.9999830541456298,20
53853911,-0.0003220940971796593,0.0011269770740387508,0.891704808038764,20
5817259,-0.0003222742780310039,0.0004545296466652759,0.9974839746814405,20
183814309,-0.000322472153322878,0.001766807525859913,0.7877606705996026,20
19514483,-0.00032270045298130046,0.0007733075311281871,0.9612378050422862,20
103597321,-0.0003230064766490515,0.0004066968712213619,0.9989353817024622,20
39052848,-0.00032335042646575716,0.0004789562609736442,0.9964724769111671,20
75962054,-0.00032344475907834515,0.0004113647903873994,0.9988458733112127,20
33697868,-0.0003237745841854989,0.002123646223918754,0.748212767687954,20
82515337,-0.0003237905416536457,0.0006400414201358451,0.982208340675717,20
67731886,-0.00032402821663012337,0.0006572661253720771,0.9800013951582056,20
91934778,-0.00032488324062848186,0.000506597221812184,0.9950768250264707,20
44751856,-0.00032508562767150084,0.0002940866467186089,0.9999549022667763,20
95500156,-0.0003252770220221357,0.0003323239678387426,0.9998379886687425,20
8066271,-0.0003257564885283115,0.00041894469540055277,0.9987392465101458,20
18626069,-0.0003259516869043855,0.0002810622792704456,0.9999737411282842,20
83107312,-0.0003271576709292623,0.00047075965281906043,0.9971041691740735,20
75394429,-0.000327270548469305,0.0005899849508343972,0.9886799025148765,20
68495027,-0.0003273323746354473,0.00028267456956191424,0.9999732870136815,20
122213680,-0.0003274113805704582,0.000327710374798121,0.9998681876583553,20
158299463,-0.00032755797905351103,0.00024535583798385055,0.9999952194405536,20
15679810,-0.0003283970599584574,0.00038044170983037506,0.999472962685066,20
116454588,-0.00032864295660814944,0.0005616696686064004,0.9915159659677182,20
145173679,-0.0003289971656980084,0.000549450013686548,0.9925578176736375,20
11172141,-0.0003290741464008262,0.0006597514202166143,0.9810218063441127,20
139559491,-0.0003290769877765831,0.0003467541428778081,0.9997805865626107,20
46107692,-0.00032908905180509815,0.000789994814361592,0.9609990464266789,20
34499822,-0.00032985817653882754,0.00038841385477548384,0.999392256217702,20
7216550,-0.0003303123283259823,0.0005778893756691415,0.9903483282813786,20
13877914,-0.000330920869009188,0.0005694889564365706,0.9911827062771852,20
82847412,-0.0003312071380489168,0.0003860647758082744,0.9994436883685739,20
94882079,-0.000331474010424343,0.0004933107116147353,0.9963596397923409,20
193439274,-0.00033155911371086086,0.0009389813638504933,0.9345951989593435,20
44486286,-0.0003323599228426732,0.0003388769838012991,0.9998412094948969,20
8217555,-0.0003324335807384393,0.00040874436655919397,0.9991232608688114,20
22492030,-0.0003324630830820852,0.00046677394139518725,0.9975640278573807,20
75417715,-0.0003324755648887623,0.002446921308292784,0.7246935061996091,20
191636866,-0.0003325864292877567,0.0005037180144065123,0.995914252326893,20
94306378,-0.0003327433380443057,0.00028835832196918114,0.9999721897567095,20
125755096,-0.0003328910461590839,0.0007076544952956595,0.9755257151060999,20
61057489,-0.00033289134351095485,0.000721967189362062,0.9734254739028776,20
65023688,-0.00033303928523359394,0.002296538479811053,0.7378012707365389,20
14474258,-0.0003337677201985634,0.00031116506755367757,0.9999373434750426,20
125784521,-0.00033468330078469946,0.0006532587179121927,0.9832242438089894,20
67027232,-0.00033500752497044316,0.00025875701273688926,0.999992969145036,20
103929897,-0.0003354097502134834,0.00047885935455548257,0.9972582361958857,20
45468606,-0.0003360639517543063,0.0005690245282656724,0.9919495179771999,20
76088695,-0.0003370412980019222,0.0010730273980078672,0.9118775051611073,20
236494162,-0.00033708960304902337,0.0003418532029990754,0.9998495375010567,20
15024529,-0.0003376850286070321,0.0008770873790979853,0.9493270489443779,20
114827343,-0.0003377549748206643,0.000583409722076657,0.990999962705418,20
115065082,-0.0003377619941834109,0.0004252814721956403,0.9989352613568694,20
79569610,-0.0003377740442806365,0.0028233211116058363,0.7005833100301111,20
58215702,-0.0003381936758065196,0.0006977042327514698,0.9784568865875551,20
6215926,-0.0003383586798099303,0.0012857222116218945,0.8731182464370281,20
214496194,-0.00033847811880097223,0.0003023090932966246,0.9999608834261865,20
115720514,-0.0003389737599261311,0.0005202986652919883,0.9955457430976958,20
133682550,-0.0003391112071852775,0.0005551449042188565,0.9933766414377425,20
166798929,-0.00033912952430226737,0.0008663440947605658,0.9519284372267858,20
122940607,-0.00034002210223954554,0.0011100535383576798,0.9066494727094346,20
98639674,-0.0003401906221900508,0.0005445480452190005,0.9942109928806612,20
113938804,-0.00034070811956450343,0.0009403397673716339,0.9391837011425654,20
89558578,-0.00034126661640914157,0.0006249713944390022,0.9877221544173268,20
134371304,-0.00034255279769822565,0.0003578628782637873,0.9997981759773643,20
65276625,-0.0003429109403032371,0.0006115330284067429,0.9893050107189636,20
41497718,-0.0003433773895234027,0.0004942379148910274,0.9970985155919084,20
49791659,-0.00034358686225399173,0.0006410100845461198,0.986516484947434,20
81621422,-0.0003445834475725995,0.0004613647912114288,0.9982802357634103,20
9017706,-0.00034459486656903126,0.00047520789963100875,0.9978594944242586,20
33695065,-0.00034466272788293283,0.0004167526164237345,0.999237604704328,20
33497709,-0.0003451830962249325,0.0003545554944117089,0.999829133219799,20
143732526,-0.0003452886745121675,0.000619182379337064,0.9889891264869819,20
118906511,-0.00034577124767083965,0.0006643304066934519,0.9844335749763284,20
57657429,-0.0003472319632180809,0.0005161530398991896,0.9963881280957702,20
162389889,-0.0003477400747187387,0.0003796730678444915,0.9996923294955331,20
82285129,-0.0003484742229887761,0.0006725260473904003,0.9840973584859166,20
141962953,-0.00034862518626554984,0.0004689928290368483,0.998217890625192,20
44265321,-0.0003488892681254629,0.00040802923500860775,0.9994272852508914,20
816845,-0.0003492913516881968,0.0007967448820897288,0.9676214208547871,20
102352961,-0.00034971057528906393,0.0006899675629188108,0.9823634421258276,20
175407927,-0.0003497748429053704,0.00041756213415410147,0.999315993832975,20
44049617,-0.0003499114396701142,0.00046994155567444995,0.9982399758840503,20
166593683,-0.00035012227406878147,0.000612459640902617,0.9903558261076596,20
165593171,-0.00035035678043944253,0.00033503930108385986,0.999917808738002,20
99526455,-0.0003512848692066417,0.0002900765231730295,0.9999841608061381,20
49854117,-0.0003517642422502243,0.0006003195992218474,0.9915841465774963,20
79890644,-0.00035185354768768053,0.00035426329660475406,0.9998600602931247,20
14,-0.00035193416059574046,0.00026036286150534876,0.9999959190107813,20
166793684,-0.0003520672867723618,0.0004354788743452385,0.9990789376872846,20
17638020,-0.0003524307846998698,0.000860179704325711,0.9586867100216354,20
57961308,-0.00035296774957988,0.000418292224772959,0.999357733312125,20
4213378,-0.0003529980155918655,0.0003745507463691289,0.9997653953380409,20
42710453,-0.000353236760714859,0.00031007607014936126,0.9999678081840385,20
130120061,-0.00035358186547863044,0.0011271288931317199,0.9116137905262929,20
58214836,-0.0003538190237077965,0.0009316117004044096,0.9471332456952722,20
22682610,-0.00035410898939485235,0.0005314018983652781,0.9961533333325342,20
96,-0.0003541209846985305,0.0006510823810463519,0.9874721753446112,20
21827992,-0.00035495403468794315,0.0003456897400324434,0.9999004792918204,20
118148840,-0.00035562333353227337,0.0005698889876670442,0.9941714698231485,20
107133166,-0.00035599109670895747,0.0005211043150241133,0.9967428549677316,20
55258704,-0.00035729270208349485,0.0002462527507250231,0.9999983844435165,20
137592046,-0.000357345533073844,0.0005296749357445549,0.996456208387332,20
227508929,-0.00035782257938204445,0.00045965377006346446,0.9987506604696739,20
73474394,-0.00035906100973778223,0.0004747162609544048,0.9984374440585347,20
141031439,-0.00035949485604200304,0.0002626653739246384,0.9999965223403687,20
37856814,-0.000359547187381315,0.00020221284716364117,0.9999999083331645,20
24888760,-0.00035987383315322916,0.000527609681799898,0.9967082307367022,20
29034026,-0.000360774877289699,0.0005278337134461064,0.9967542809871403,20
166398831,-0.0003617851540377914,0.0005077893871377814,0.9975692377105876,20
44085579,-0.00036180538597573866,0.0003117430432943095,0.9999739677930249,20
166994085,-0.0003618235043196194,0.000345709656245645,0.9999185462322107,20
28069396,-0.00036231422980073094,0.00038901211206433323,0.9997372960545708,20
154376671,-0.0003630231930347227,0.0003761444288710778,0.9998137815643542,20
43864795,-0.00036315403159082883,0.0010671705904441527,0.9277420494615455,20
3814857,-0.00036341567921746587,0.0003140428902893618,0.9999730833203624,20
44999004,-0.00036404194585075157,0.0012744586613967818,0.891581874037462,20
92124078,-0.00036424195110317805,0.000536200533831809,0.9966160158015972,20
13890344,-0.0003642495776356336,0.00037812413544853924,0.9998103169962369,20
41047357,-0.00036464981016745557,0.0005464797958315889,0.996187525761396,20
41259148,-0.00036479394779100895,0.00040986384949949576,0.9995993309563788,20
16673613,-0.00036689408793037505,0.000451501312828919,0.99911703204493,20
130872357,-0.000367481149633514,0.0003989119692638353,0.9997085825801336,20
15673352,-0.00036767763321003953,0.0005510080313035128,0.9961879545039694,20
87740651,-0.000367966463482583,0.00042928258321314327,0.9994394717075205,20
114651277,-0.00036817670899960133,0.0004854505704477789,0.9984695422049449,20
122725555,-0.0003693837930020538,0.00040089205424083174,0.9997091651482404,20
107358519,-0.0003694691814129625,0.0005776576243378209,0.9949938489028702,20
231112738,-0.00036949797478721404,0.0003526020793075852,0.9999196140361623,20
20883413,-0.00036978860797725054,0.0006167762176490469,0.9926131548126175,20
17552708,-0.0003701394659746893,0.005776333847290409,0.6112277957542647,20
87005732,-0.0003706935596744676,0.0004947797572722097,0.9983202225850405,20
61927169,-0.00037237791587586,0.0007143929590395197,0.9845435267153669,20
65348695,-0.00037292107042634636,0.0005897253842218076,0.9946267681585822,20
93104854,-0.00037344356356361905,0.0011024347781141773,0.9268727547843246,20
4263333,-0.00037452912851552723,0.0010569571441030907,0.9352295120832606,20
120660398,-0.0003746606662259122,0.00030077015329999613,0.999988708244697,20
70658044,-0.00037521560036674615,0.0003589616401968101,0.9999174443571555,20
27123832,-0.0003753533145074928,0.00030610187513844134,0.9999863535495171,20
47088062,-0.0003756343762882974,0.00040201607758234283,0.9997452339323771,20
85003968,-0.00037583676889835216,0.0005478519878526455,0.9968345364043368,20
167471319,-0.00037652261100857843,0.00033954638412089094,0.9999564503245488,20
28693399,-0.00037683451727758556,0.00048702283658006194,0.9986895484180076,20
52156460,-0.00037710754662468313,0.0005963712654309248,0.994625347755152,20
49955155,-0.00037734745566986305,0.00032015917662533034,0.9999782198908067,20
183615047,-0.00037737173623689777,0.0011444207655856616,0.9216620681501048,20
79219583,-0.0003780557554356301,0.00032944596298021335,0.9999703738497362,20
81516016,-0.000378146769804133,0.0003633070223277821,0.9999136616763852,20
23663653,-0.0003785339822099665,0.00045322008215357545,0.9992986894330139,20
44246354,-0.000379299942503919,0.00045396019122760075,0.999301014713938,20
145377045,-0.00038000930844465095,0.0005503635845881563,0.9969717166033365,20
140168741,-0.0003805774024862263,0.0007662425604620218,0.9806565591232397,20
29471323,-0.0003808283317444927,0.0005576410492405371,0.9967357214874959,20
74015719,-0.00038119570839086346,0.00042835289213107405,0.9995988130056515,20
12689512,-0.00038132514613845037,0.0004304339054679546,0.9995820724167007,20
40042617,-0.00038186298676264887,0.0005090948063103064,0.9983349645977307,20
74703806,-0.0003820717345939917,0.0003488082956244594,0.9999501288528729,20
88978501,-0.0003821052145605297,0.0010179349840198245,0.9452108428463533,20
101995470,-0.0003823128741890558,0.0005843027647279663,0.9956671488099235,20
38243597,-0.0003829061672704359,0.0007671666715496723,0.9810788765111965,20
66492251,-0.0003836501673762982,0.0007760169631133493,0.980250766796222,20
108714457,-0.00038372249334576726,0.00031025725656966523,0.9999876884332681,20
68466810,-0.00038451417916308684,0.0004452334321687586,0.9994752417999305,20
210493404,-0.00038476157006395173,0.0006067984047260244,0.9947163458816234,20
142571152,-0.00038529131546399256,0.001968715906968434,0.8038099936164433,20
73340224,-0.00038707909774023943,0.0007396316553915798,0.9848382924389162,20
66277140,-0.0003875148636097225,0.0006007175066642542,0.9952560859609264,20
55494829,-0.00038993530385281194,0.00044721111359750427,0.9995179070726676,20
134171239,-0.000390471139738352,0.0003227549519188586,0.9999839732692946,20
115730415,-0.0003905360752473275,0.0009885274236506453,0.9533388767151044,20
158986225,-0.00039073988159137876,0.00038218050452193424,0.9998959409610338,20
96883271,-0.0003908358315011573,0.00044169898699035996,0.9995775129817454,20
78565563,-0.0003926019214769205,0.0005044534975722846,0.9987482591153715,20
138030047,-0.00039384722472358134,0.0002413174622316743,0.9999996817101857,20
49663966,-0.0003943956192546616,0.0016131309202218717,0.8560552965575097,20
142483643,-0.00039546999427967353,0.0007381383327613748,0.9864861473991611,20
81972303,-0.0003958717551152402,0.0006193816248845301,0.9949713141200444,20
14626480,-0.00039592957391534347,0.0011523041687805436,0.9295633507921381,20
18889702,-0.0003965465021100012,0.0003761882560407485,0.999924489569827,20
77878913,-0.00039691410334052326,0.00034222306273910564,0.9999737665352404,20
148451798,-0.000398574724345524,0.00046577679805373333,0.9994311369595863,20
12622568,-0.0003991821126343942,0.0004511181356675132,0.9995776256675837,20
86910400,-0.00040009519686919905,0.0007428736101047485,0.9868350193715062,20
2614147,-0.0004012607802294565,0.0008698364678789153,0.9734760706853485,20
44043806,-0.00040181375107812834,0.0005163178229370387,0.9987477219609145,20
208486348,-0.0004019649637135858,0.0011656727679220868,0.9302357746493738,20
33256253,-0.0004030298342115934,0.0005138283675030624,0.9988233268936862,20
118148529,-0.0004032819450582592,0.0006825915177240572,0.9919659781806696,20
159186231,-0.00040427808209274053,0.00040080620553682776,0.9998803955280108,20
26264802,-0.00040447339861638955,0.001219457246976525,0.922807373358109,20
43245337,-0.00040550691380788486,0.0007573571871852266,0.9864429707709423,20
61861621,-0.000405788084924924,0.0004822385329976131,0.999342059111559,20
118733867,-0.0004060596037538444,0.0008802561969664555,0.9734739875562292,20
43,-0.00040681603856130845,0.00038775626691832783,0.9999206111297262,20
37517415,-0.00040732827044913654,0.00044378068286660344,0.9996984444372959,20
135362939,-0.0004074833748233364,0.0004721966000398565,0.9994716336601118,20
163805070,-0.00040768971260937703,0.0006494358907585355,0.9943798634035682,20
117856627,-0.00040791758073818187,0.0003397858025853528,0.9999824429324882,20
85288115,-0.00040805722998336067,0.0002621764438139147,0.9999993794679933,20
67775683,-0.00040924353929784884,0.000395498562795909,0.9999081759384818,20
121324768,-0.0004096046853433066,0.0005017078264687419,0.9991506501331118,20
146650394,-0.0004099843033339323,0.00039691983482350115,0.9999064518603558,20
107402938,-0.00041024595847250487,0.0005835321799062456,0.9973286564220265,20
202254288,-0.0004115279280068274,0.002607679866605297,0.7555508738795068,20
79280838,-0.00041229479498014476,0.0004286803917169818,0.9998073367614676,20
50064140,-0.00041243311324812293,0.0005064782451754379,0.9991322425552169,20
137792328,-0.0004124697973124647,0.00042399151135892864,0.9998278409258342,20
100688511,-0.0004129208303867649,0.0007146750101388779,0.9909000751865572,20
160501707,-0.000413251392002556,0.0003222838246462697,0.9999920764236692,20
62280749,-0.00041339303682723095,0.0005784695445306853,0.9976213192454401,20
89830663,-0.0004135774115246571,0.0011719735758974762,0.934484614128809,20
56266410,-0.00041460328109073076,0.0008570135208051335,0.978273304000543,20
24887193,-0.00041497509454794244,0.00029063291784341236,0.9999980002578001,20
2612297,-0.0004149901734003314,0.00036887411762766086,0.9999629264162986,20
66255110,-0.00041798136700054166,0.0007527902242828336,0.9887364916291912,20
26228899,-0.00041887967085467713,0.0005367737909574147,0.9987745629294357,20
29211632,-0.00041946709854064903,0.0005456788949650017,0.998620826389495,20
105130940,-0.00041962535307222827,0.0006020406318613222,0.9971627348723399,20
126156777,-0.000419807049070281,0.00033533173013863355,0.9999893730319139,20
186618521,-0.00042084908113868556,0.0003403182163607744,0.9999876699297914,20
83908464,-0.0004216810730164278,0.0007638453514815739,0.9883934214572112,20
158261515,-0.0004222879280345593,0.0012250114683218683,0.9301742713268829,20
90934206,-0.0004227803831746535,0.0005059630724060348,0.9993014398152609,20
112007180,-0.00042287817416798436,0.00038351511070320964,0.9999536342453583,20
28332170,-0.00042299948112105025,0.0006481593075763596,0.9955944784596132,20
153584266,-0.00042402529408724356,0.0006277768293961438,0.9964838200092576,20
106338581,-0.0004249187727955295,0.00040163178726517715,0.999927375481937,20
87375385,-0.0004252442866224393,0.0008952811580903141,0.9764989192746192,20
122613907,-0.00042611419678705855,0.0009499031867217596,0.9703549756125303,20
30,-0.0004266776068274691,0.0008858632485247497,0.977856023930465,20
92718251,-0.00042690023146098045,0.0009192785024048482,0.9741859095178268,20
36916305,-0.0004283285538821402,0.0006698487675817915,0.9949860854702021,20
131186167,-0.00042857406520192544,0.0007112303224263391,0.9928257390780587,20
216297468,-0.0004286824599544159,0.00032172279761357304,0.9999951009711839,20
152694812,-0.00042988652483506027,0.0006177817460254016,0.9971299936553403,20
22805654,-0.0004304148382638262,0.0015910290363123846,0.879408821141494,20
73502290,-0.00043101696114757336,0.0005003511358769754,0.9994633473160661,20
55054637,-0.00043200431470816203,0.0006219193001188319,0.9970947371020222,20
32536038,-0.00043206887409875103,0.0009344490325176408,0.9737251410117805,20
94585861,-0.0004334075026013351,0.0009577467040594179,0.9713556804746386,20
126355170,-0.0004344631041110159,0.0006529182501906072,0.9961170259820182,20
49356291,-0.00043532294608313873,0.0018984731154406056,0.84098905716143,20
26962138,-0.00043764174088726794,0.002041307184121284,0.8251473532497943,20
6004639,-0.0004377465130870617,0.0005099434355161899,0.9994466122195913,20
189023366,-0.00043793956554886716,0.000881464675183175,0.9806830791522142,20
132751699,-0.00043831088450993483,0.0009170164869515586,0.9771167482094165,20
121751674,-0.0004386907802432172,0.00030624600874540163,0.9999980845125442,20
80799248,-0.00044025539127089954,0.0006600907492287601,0.9961758751396601,20
104803458,-0.000440536855401219,0.0009245926585461461,0.976806891268554,20
40538298,-0.0004420667182516103,0.00064374018412783,0.9968564183948763,20
68609943,-0.0004443462785112595,0.0023058279220609297,0.8002297005764695,20
14022749,-0.0004451052927992638,0.000515700388766159,0.9994724721480682,20
62420716,-0.0004452159142960377,0.0006180530204725432,0.9977539451993983,20
127730360,-0.00044761748459685167,0.0004699445820091189,0.9997882110769457,20
53551901,-0.0004476877253359879,0.0005959891592320368,0.9983531136659808,20
3813113,-0.0004488098588078082,0.00035790584277205716,0.9999895847381799,20
79798339,-0.00044948163652420715,0.0007301541284727994,0.9936743433752782,20
199033440,-0.000452142537800726,0.0005054265285459039,0.9996174864965304,20
78064162,-0.00045413689354616984,0.0010474140442932123,0.9662520070771826,20
170197659,-0.000455913490906501,0.0005334924449390577,0.9994244914807788,20
5265914,-0.00045618523790944,0.0005591908343398827,0.9991452217525353,20
65491163,-0.0004570464612883351,0.0007796715411943141,0.991603624799417,20
175616066,-0.0004595529997314607,0.0005600415743604442,0.9991857994010119,20
5814607,-0.00045990173717118664,0.0009923917240215613,0.973966867450931,20
20826666,-0.0004613350312898945,0.0007650532565051252,0.9928553633779565,20
89700424,-0.00046256641200427274,0.0020908520396228543,0.8325461823705252,20
60857457,-0.0004665873102147333,0.0014577768228046344,0.9157181349489909,20
69266567,-0.0004670163058039578,0.0007659421136908334,0.9933042278872369,20
58063367,-0.0004677591523893021,0.0005586750545610898,0.9993132374469437,20
54998032,-0.00046856414917682555,0.0007140096302593443,0.9957490529292676,20
41910020,-0.00046956744539160543,0.0011399712200311218,0.9594397102044356,20
79711059,-0.0004711736876927386,0.0006471195009971598,0.9979223144427879,20
114702514,-0.00047333421673486086,0.0005529977947665039,0.9994324242212269,20
47608580,-0.0004756896973563518,0.00034664564149264885,0.9999966390309428,20
46448682,-0.000478002487908985,0.0010983024802595964,0.9667237912437185,20
67478698,-0.00047821203266764647,0.00046967233292474026,0.9998914017754443,20
214869341,-0.0004788721641662996,0.0004731655900026494,0.9998844480617167,20
78479983,-0.0004788824042813278,0.0007538516256017174,0.9947760696870821,20
124354293,-0.0004788954727830752,0.002589286831722511,0.7907855322285229,20
93844295,-0.0004792258506574498,0.0007822269063514351,0.9934905290524463,20
68376294,-0.0004798028991369885,0.0040375968022976355,0.6993640220003416,20
76184676,-0.0004804339853780759,0.004573575530792224,0.6780698685724735,20
127268290,-0.0004833051411671452,0.0002899826338766351,0.9999997642473535,20
84516512,-0.0004836552717145226,0.0012932605383434966,0.9445932911120639,20
154296093,-0.00048379133105300176,0.0008798309484832708,0.9881533531500418,20
64471185,-0.00048577974077782524,0.0007060412248053037,0.9968973523720847,20
224105619,-0.0004883972933172164,0.0008137254131023048,0.9926591391575126,20
181812071,-0.0004885325144451391,0.0025839724759145347,0.7958268517033891,20
18238662,-0.0004892607904334268,0.0022994675861434492,0.8233610483370094,20
143532126,-0.0004904662644970414,0.0019120189090017525,0.8672260479981514,20
74341251,-0.0004906418552189206,0.00113831970521621,0.9655048755005924,20
27931555,-0.0004922125358934326,0.0012231307195852375,0.9560935537409074,20
30534004,-0.0004948668822513713,0.0007509096636578909,0.9958639663062953,20
78219384,-0.0004958457691457918,0.0014642967231982894,0.9268048761004676,20
77346188,-0.000495916091702081,0.0006918526118858353,0.9976723260497043,20
17228286,-0.000497187248363723,0.0006170046021512917,0.9990537393144066,20
73615558,-0.0004982694533126331,0.0013931497527958794,0.9368956645728486,20
11401093,-0.0004984073105430587,0.0012370381961964657,0.9562696607430509,20
128766436,-0.0004987601780012341,0.00043497794061598513,0.9999701028315678,20
127869519,-0.000498866157438016,0.0004937787374691521,0.9998823699141144,20
199851370,-0.0005034154821066339,0.0005917454088433659,0.999401403529055,20
31107694,-0.0005070255937919099,0.0010202524246527016,0.9807056640119305,20
54458694,-0.0005074786077978677,0.0006487666504250474,0.9987974154325995,20
76841488,-0.0005108797601490967,0.00103302533993235,0.9802799036248158,20
12024830,-0.0005122438861132784,0.0005886254805147568,0.9995095164219373,20
114808618,-0.0005123479401908715,0.0007504224550307622,0.9967298328084665,20
114864857,-0.0005139138288762446,0.0019873273213705826,0.8690890898492625,20
32825070,-0.0005146199956518272,0.0009758686475234293,0.9853887697988282,20
134361432,-0.000514789052739395,0.0008323138419730605,0.9938502056412596,20
38224432,-0.0005150509544205095,0.001626342738817442,0.9135619548778597,20
69955276,-0.0005180129608631789,0.0004209187115756783,0.9999869318841784,20
30493665,-0.0005193135626256562,0.0005356318401740025,0.9998219746275883,20
20081218,-0.0005225541830548685,0.0037971938520188746,0.7272159106601195,20
57525297,-0.0005228977419792058,0.0005208767520660859,0.9998744478332593,20
35639595,-0.0005232550457110796,0.0004933895790700528,0.9999292188074828,20
14641086,-0.0005239220271947842,0.000743062009610307,0.99738274229299,20
77835060,-0.0005264998124192011,0.0006549789960590949,0.999034622843055,20
60203314,-0.0005270939239518657,0.0010089702142275045,0.9847073905193046,20
151381471,-0.0005298448573763659,0.0018285252539681936,0.8947295621029767,20
220675230,-0.0005298549266448737,0.0006564592906634024,0.9990664847081283,20
45848566,-0.0005300410690839863,0.0007186804800274202,0.9981100531920374,20
12028554,-0.000530541276602875,0.0020298396819699235,0.871547009099958,20
12220740,-0.0005311611812338802,0.0006311342954913772,0.9993429322439352,20
66264558,-0.0005330749018881142,0.0025417922212108107,0.8199705037509398,20
35254301,-0.0005335317549993556,0.001765874520587155,0.9037465880249164,20
244925692,-0.0005336267401394978,0.0006006499195308128,0.9995926394017074,20
70498868,-0.0005342068992773785,0.0003947016380666504,0.999995985614326,20
71081941,-0.000536200427493444,0.00034480031989634995,0.999999372122127,20
57725586,-0.0005373321576016332,0.0005639379097268489,0.9997889257186946,20
22428241,-0.0005383425852344359,0.00043664246204148,0.999987214567685,20
90641186,-0.0005397608938643994,0.0004198882022043465,0.9999923190601455,20
154496520,-0.00054163369736554,0.0007569484371399815,0.997643076739521,20
82777254,-0.0005417959948537554,0.001630166538720322,0.9232027346756694,20
127669430,-0.000542496247033325,0.0013658627989989042,0.9541457852885548,20
126181973,-0.0005433862198840012,0.0015634915616991336,0.9316910157557199,20
74103007,-0.0005444792782225872,0.0007187948583307415,0.9984550271687226,20
68066200,-0.0005446827482862571,0.0032447792843458296,0.7689886293931072,20
82869189,-0.0005459423551186782,0.0006187384390751791,0.9995665885336131,20
144164867,-0.0005481815406455481,0.0013182148375093814,0.9607616824285028,20
24088392,-0.0005487393946286501,0.003040684623749379,0.7851922074370434,20
14822650,-0.0005507225494220058,0.0008649041671883307,0.9948519721670464,20
78687516,-0.0005565360061537628,0.0005131368723832754,0.9999444282092301,20
113701962,-0.0005578865568514113,0.000595570438164127,0.9997512702361336,20
84771531,-0.0005663298336423372,0.0008849387415631184,0.9950117691698621,20
176817947,-0.0005691455114323951,0.0015214572697053686,0.9446369227761898,20
57069595,-0.0005698040499260259,0.000540939063256596,0.999923911212476,20
105841798,-0.0005714544994946336,0.0010743949812888134,0.9859901934632026,20
54557888,-0.0005724480179785718,0.0006611040487058336,0.9994872841139801,20
82001219,-0.0005759749866595332,0.001850722640975413,0.9099686116032467,20
63905405,-0.0005837925028379098,0.0011378294825413566,0.98333852448256,20
78444187,-0.0005840619273943748,0.0016265970453248817,0.9375958487727916,20
83486041,-0.0005851042576053122,0.0003792611935512421,0.9999992987177436,20
41698698,-0.000586124243415076,0.0005910762275136835,0.9998578013148481,20
34638345,-0.0005869801751517024,0.0015534019770300192,0.9463031824857673,20
96787899,-0.000588313260741885,0.0015757234589306927,0.9443159862108413,20
14871970,-0.0005928394235751699,0.0008062820088394445,0.998066849254264,20
119860050,-0.0005934691572413054,0.0005130664943503984,0.9999729477844733,20
161864741,-0.0005950951299261264,0.0011113669565253404,0.9864478485516311,20
45707400,-0.0005953864843636581,0.0008029383247862858,0.9981845358755189,20
20084917,-0.0005957296598726014,0.0015874555378121691,0.9451668307517218,20
13471091,-0.0005964852924349784,0.0008574010613868955,0.9971252639472332,20
137564194,-0.0005983760341482514,0.0013265318955226228,0.970992299617695,20
12840361,-0.0005997417139411265,0.000512421488575617,0.9999763782240582,20
100330993,-0.0006036702535931638,0.0008280320356649521,0.9979417125589475,20
45887333,-0.0006061358785429905,0.00033113404274009897,0.9999999405564741,20
1261372,-0.000608826952355268,0.0023088424008458897,0.8735770492591909,20
17838397,-0.0006092991845009111,0.0014074441902987048,0.9660583527196549,20
53266674,-0.0006113782321809536,0.00143026619497243,0.964438349314878,20
17,-0.0006151166131754704,0.0011677197090606054,0.9853104629333087,20
90230827,-0.0006152187544682886,0.0018789115798732944,0.920272565324484,20
145449545,-0.0006176384273052004,0.0011275643359469302,0.9879173193297309,20
21485948,-0.0006177403789321134,0.0015279941656187728,0.9567682457623261,20
109252439,-0.0006202625632225455,0.0006739727459385646,0.9997058906965954,20
11869246,-0.0006244969353014273,0.0006852686864084253,0.9996776085171125,20
64663082,-0.0006255172856529489,0.0006488309334354247,0.9998117824662266,20
180611293,-0.000625627174024529,0.0022067723373895925,0.8899181694036126,20
43141583,-0.0006279525957477272,0.00042508677081953095,0.9999987310069155,20
111206807,-0.0006290349360893899,0.00043332068272682983,0.999998395458063,20
40640433,-0.0006291394593369692,0.0009990147382826023,0.9944884331399712,20
188423070,-0.0006292744512556292,0.001374724212848995,0.9726337449385509,20
58054574,-0.0006323912936514964,0.0008535777182221391,0.9981728175569087,20
123782866,-0.00063372332988047,0.0005938846669544786,0.9999337388514484,20
106739439,-0.0006382827740159025,0.001229584826073937,0.9842352009358326,20
126356946,-0.0006418089257599569,0.0007731956627853355,0.9992609706620117,20
87940654,-0.0006488112017872027,0.0016449251268683867,0.9530934884283421,20
195629616,-0.00064998797740205,0.001574084761539973,0.9597853464614315,20
173079381,-0.0006526399581319065,0.0016277401196872967,0.955553711164262,20
29051886,-0.000653154082997659,0.0014861396208416813,0.9679267539313885,20
82715770,-0.0006592765559685909,0.0007764751934728835,0.9993911333194603,20
36250159,-0.0006629679168743297,0.0002836029956186368,0.9999999987196797,20
160187959,-0.0006633300692349797,0.0007134012259131491,0.9997330891350217,20
96510716,-0.0006666302046262507,0.0014654813568944543,0.9719402409733475,20
123982886,-0.0006677808687427566,0.0011612551993972883,0.9906611123186674,20
12670250,-0.0006690780709828759,0.001214454576072196,0.9882705999743525,20
162866030,-0.0006695084260824491,0.0015869741482384641,0.9627103928071667,20
11,-0.0006698654235750389,0.00047446455729742714,0.999997679746258,20
139193638,-0.0006699785176865869,0.0004694223316376477,0.9999979892509836,20
51515237,-0.0006712921023397156,0.0012746318713717276,0.9852952937212858,20
98548618,-0.0006716285563162338,0.0023828791094698517,0.8886247014070097,20
61020245,-0.0006725537681062487,0.0011790615726452083,0.9902406003421407,20
101194293,-0.0006734641004296771,0.0018670696187633442,0.938398635059226,20
20483097,-0.0006741528301977828,0.0007257381660264062,0.999730644394563,20
43044877,-0.0006753675241163049,0.0006201124592621699,0.9999468981209892,20
162394576,-0.0006773918166467163,0.002406019720411556,0.888375656335941,20
17644077,-0.0006812789591858325,0.0012043374756911685,0.9897935691513097,20
31254019,-0.0006828760200130069,0.0006413806882212362,0.9999321282693856,20
103492074,-0.0006875136932740445,0.0023716527140241347,0.8948214705912857,20
75300082,-0.0006884884086595211,0.0007946990489558058,0.999489656490646,20
166193114,-0.0006921777362433101,0.0005776529131428813,0.9999820495580716,20
30496760,-0.0006971099671416903,0.000845625711359441,0.9992167449185697,20
31471144,-0.0006976737136960787,0.0012107669566109854,0.9907648165369853,20
47529641,-0.00069871412376456,0.0011459838115580425,0.9933028586236821,20
132073441,-0.0007005992925169568,0.0009056117683446485,0.9986878029376058,20
30137207,-0.0007157424900909815,0.0027149517247283903,0.8735217130373328,20
115150776,-0.0007244770147352253,0.0015002344434727362,0.97810380850764,20
58463416,-0.0007310044646783087,0.001125285727785679,0.9954625514348737,20
160402072,-0.0007347396917455118,0.0009598608969185653,0.9985747964645912,20
236092970,-0.0007389755076633364,0.0011717650134346095,0.9945361830521364,20
146736298,-0.0007512980716237628,0.0010075388770927278,0.9982592499577253,20
18914083,-0.0007531860722253259,0.0012875064529440337,0.9915060721363653,20
106138127,-0.0007560807011965486,0.0005572700820855368,0.9999961094782549,20
34656812,-0.000759555908130194,0.0007126117204092878,0.9999329297310866,20
70676082,-0.0007679175127864035,0.0019243498361937162,0.9548499085958775,20
24464019,-0.0007714606439190586,0.0010574775730930047,0.9979517669640625,20
28493371,-0.0007720906781870873,0.0009648062751033829,0.998998742335474,20
192624957,-0.0007722182684898659,0.0006570191632683227,0.9999775011421862,20
15231767,-0.000782146679707385,0.0020304668044162357,0.949408806677857,20
143885372,-0.0008005482727105828,0.0007906604232380181,0.9998849688307109,20
122357049,-0.0008034865070868979,0.0018257139857567669,0.9680915971573365,20
89640770,-0.0008178075580491439,0.0016715696288681775,0.9793143293145985,20
71790334,-0.0008434895248494833,0.001966529457356029,0.9648801578135713,20
28230642,-0.0008472461235697393,0.002153742088602496,0.9526866989852266,20
119535674,-0.0008481629799820089,0.001348568473197704,0.994443944409963,20
88291032,-0.0008585284979066632,0.00267733079710902,0.9160956625599611,20
158699973,-0.0008668457406742047,0.001138292013118391,0.9985169260802708,20
15827044,-0.0008694781505681314,0.000799421578679496,0.9999461084296871,20
116855271,-0.0008697916091303271,0.0006847234515728124,0.9999911052663587,20
86713303,-0.0008730696055040066,0.001991963812427369,0.9675929356105772,20
157984470,-0.0008756684683737748,0.0010496436127264692,0.9992918109247718,20
168796876,-0.0008873157395050957,0.002032636194940902,0.9670978225335527,20
25867555,-0.0008935663464077537,0.001747638960067524,0.9830654614797033,20
23885410,-0.000897431114981051,0.001099945582506059,0.9991460185097444,20
164192368,-0.0009023804478470954,0.001576431810831802,0.9904246053760786,20
19078101,-0.0009024925051582311,0.0033565997626402613,0.8780153021744533,20
136862212,-0.0009027263477299208,0.0014113925686889564,0.9949938910274132,20
66374774,-0.0009204821033817312,0.0017439421357497238,0.9854523143973835,20
64329017,-0.0009258432161383557,0.0018030744776431774,0.9834001674402942,20
110409248,-0.0009514851347215081,0.00140235781966931,0.9965886227739434,20
64105454,-0.0009539657403363544,0.0022839918953557084,0.9613605637717504,20
35238906,-0.0009550407658161008,0.0017776642023042725,0.9866706405736624,20
25289097,-0.0009697341785962598,0.002729827752924797,0.9356809877941139,20
27268057,-0.0009712153138715429,0.0020273172971139327,0.977338085830174,20
115303179,-0.000973900709836878,0.002136085427084734,0.9721943284888581,20
131959966,-0.0009755657695011243,0.0016087869835761297,0.9930852151274521,20
19435753,-0.0009797709870306536,0.0020855449831971395,0.9753901661880404,20
34298177,-0.0010025107588898963,0.005906962895691467,0.7714159567044292,20
68310871,-0.0010209526967891957,0.0016664087682416809,0.9934920047104294,20
53053457,-0.0010211471840192222,0.0040849737085847165,0.8612329918222917,20
90121833,-0.0010254672976745705,0.003949313143168062,0.8700333704974653,20
59463836,-0.0010320609040114393,0.0015032495864717827,0.9968513225462207,20
107313403,-0.0010400201965932443,0.0017114341185981913,0.9931709292038559,20
72838048,-0.0010401091075242785,0.0014130835562252745,0.9980819893390674,20
72180551,-0.0010445476963705902,0.0017788449829569952,0.9916837206735379,20
69339964,-0.0010500421821856675,0.0019553564204218923,0.9866412548939433,20
98925194,-0.0010691914940629045,0.0015397361126308648,0.9970880186066369,20
59744004,-0.0011087673932155596,0.002291113364226536,0.9783055552941131,20
39944601,-0.0011430076468531114,0.0020466578657047626,0.9890741376982133,20
46927815,-0.001146639577919295,0.0011922148848338414,0.9998073287414664,20
88341100,-0.0011547504037484947,0.0030998347179639375,0.943938418653937,20
61604256,-0.001165065947318622,0.0019077384429353448,0.993367249231841,20
21230502,-0.001167647555752277,0.002166951953561372,0.9868675399923263,20
98729532,-0.00117679651798252,0.0032402897872975058,0.939593610734532,20
11471766,-0.0011850287975284201,0.0034906690128006113,0.9272885721597177,20
73438315,-0.0012004855740596454,0.0035808527388059203,0.9248843310412254,20
18654105,-0.001204482301489168,0.0016111988188089147,0.9982921786788775,20
171998476,-0.0012292092117503484,0.0018687848985762601,0.9958120623125002,20
151592787,-0.0012651225575409431,0.002330679668833331,0.9873447922353059,20
126116231,-0.0012692184513319548,0.0014837064704071765,0.9994294924798751,20
42324152,-0.0012803986371328236,0.0009073344186760321,0.9999976652341716,20
147250732,-0.0012918639271234434,0.004513633117256084,0.8920210035096564,20
17028225,-0.001301374461723348,0.004139959991086607,0.9120357256646392,20
40137437,-0.0013071513783410094,0.0014834368252201009,0.9995613172323735,20
216898782,-0.0013122926136860669,0.00228921105595261,0.9904999411032971,20
155058613,-0.0013230975563174763,0.0013181998771862196,0.9998742379494416,20
58858963,-0.0013409321750598945,0.0022252609605203848,0.992826721898164,20
89721553,-0.0013701418804897337,0.0015265051841266862,0.9996289994423356,20
76641426,-0.0013781943184913992,0.003553392679805202,0.950490868248487,20
114539924,-0.0014135915656776244,0.002999720594435521,0.9757043908338696,20
107558965,-0.0014168993129548336,0.0017705304221985886,0.9989988813009602,20
25433921,-0.0014441272624523493,0.002046304619697815,0.9973994211243058,20
4063134,-0.0014760266855839365,0.0029287303015876915,0.981896557871376,20
87889957,-0.001479982425798909,0.004155167359409551,0.9361562378867508,20
83304209,-0.0015124338087227351,0.0010731279664259758,0.9999976258446394,20
34495350,-0.0015503015339641713,0.0020818354881442193,0.9982416638869629,20
61287506,-0.0015580350890291804,0.0023147801034278876,0.9964006541607797,20
107733658,-0.0015605928518037104,0.003658108892959734,0.9641811058470751,20
38479774,-0.0016026206021982458,0.0014267851804157996,0.9999622624609614,20
167671894,-0.0017207772707145351,0.002139550838158923,0.999038817905145,20
4,-0.0017327906139728622,0.004212237829604972,0.9592551254855287,20
84800279,-0.0017744763693330779,0.0018877420661451067,0.9997594389821711,20
19916322,-0.0017853971276759917,0.0019106231102060042,0.9997454458283108,20
59885114,-0.0017989058430678217,0.0021928561455120707,0.9991839629069289,20
64062238,-0.0018091379121235151,0.0027545519044421774,0.9957715208049807,20
141081278,-0.002108692614999802,0.0019992973280749194,0.9999249450007595,20
139366494,-0.0021334780066520564,0.003793914567380204,0.9894655786056384,20
209062624,-0.0021692019255245888,0.002150249922547633,0.9998805793788699,20
35275648,-0.0023158993795696246,0.0029934616493860347,0.99868823765827,20
39542407,-0.00237737305061983,0.004056341903392847,0.9915943092373456,20
107539824,-0.00271453205287171,0.00406190807584737,0.9962257797937151,20
68276201,-0.002829762658422064,0.0033323844413824357,0.9993917996289834,20
144448111,-0.002850536145269189,0.0046197749297043275,0.9937615537537068,20
